0.02184,1.9736e-19,0.030386,0.019701,0.0002395,7.3493e-17,0.0093945,4.6609e-19,5.9924e-19,0.0097821,1.6968e-19,2.6893e-19,2.6169e-19,4.1974e-10,0.89714,1.6523e-19,0.0053613,0.0018823,5.2807e-19,0.0042698
0.02463,1.7031e-19,0.085192,0.0027559,8.3505e-09,2.9792e-19,0.0038418,4.022e-19,5.1709e-19,4.5757e-19,1.4642e-19,1.6669e-12,2.2582e-19,0.00081111,0.86465,1.4258e-19,0.0056058,0.0051513,2.1303e-19,0.0073613
0.055256,1.2973e-19,0.084601,0.013471,0.00018968,0.00011536,0.0046243,5.1336e-16,0.046438,0.0085782,3.2783e-18,1.7447e-08,1.7202e-19,2.0052e-19,0.78673,1.0861e-19,2.8269e-19,1.8359e-19,1.4139e-06,2.8398e-19
0.051496,0.0012896,0.054074,0.029238,0.00017503,0.00025343,0.0058801,3.3628e-19,4.3235e-19,3.8258e-19,1.2242e-19,2.9336e-07,1.8881e-19,0.0017867,0.85581,1.1921e-19,3.1029e-19,2.0151e-19,1.7812e-19,3.117e-19
0.09009,1.7199e-19,0.17442,3.748e-19,0.00020336,3.0087e-19,0.011528,4.0618e-19,5.2221e-19,4.621e-19,3.7608e-07,0.0021638,2.2805e-19,6.645e-19,0.69439,1.4399e-19,3.7478e-19,2.4339e-19,2.1514e-19,0.027205
0.076554,1.5342e-19,0.14895,3.3434e-19,0.00016234,2.6838e-19,0.022022,3.6233e-19,4.6583e-19,4.1221e-19,1.2276e-12,0.00024824,2.0343e-19,1.8036e-16,0.72822,1.2844e-19,0.00087594,0.00034406,1.9191e-19,0.022618
0.056247,0.00332,0.1047,4.5013e-11,1.2408e-06,7.6084e-18,0.0066079,4.4771e-19,5.7561e-19,5.0936e-19,1.6299e-19,3.1205e-07,2.5137e-19,0.0016277,0.80564,1.5871e-19,3.5821e-09,0.0004991,2.3714e-19,0.021362
0.047213,1.8378e-19,0.043696,0.026227,2.2717e-15,1.075e-13,0.016981,4.3403e-19,0.0022892,0.0039557,1.5801e-19,2.5043e-19,2.4369e-19,2.8407e-19,0.85337,1.5386e-19,4.0048e-19,0.0062692,2.2989e-19,1.589e-14
0.05475,1.5323e-19,0.14685,7.9383e-13,0.00034906,2.6804e-19,0.018817,3.6187e-19,4.6524e-19,1.0718e-11,0.00083466,0.00070572,2.0317e-19,3.5837e-16,0.74152,8.5711e-18,6.4691e-17,2.1684e-19,0.00031434,0.035865
0.053016,1.8542e-19,0.159,0.022303,9.3488e-05,0.00025558,0.0051984,4.3789e-19,0.1667,2.447e-09,2.2906e-16,0.00081946,2.4586e-19,2.8659e-19,0.59261,1.5523e-19,4.0403e-19,2.4628e-12,2.3194e-19,1.6924e-07
0.04761,1.3239e-19,0.091255,2.8851e-19,0.00064041,2.3159e-19,0.00027649,3.1266e-19,4.0197e-19,3.557e-19,2.8764e-07,0.00026755,1.7554e-19,0.00091248,0.82704,1.1084e-19,0.0041871,3.4639e-18,1.6561e-19,0.027813
0.030376,1.4915e-19,0.11664,0.0020498,3.8614e-07,2.6091e-19,0.010757,3.3258e-07,4.5285e-19,0.0041212,8.5793e-15,5.8895e-07,1.9776e-19,2.3053e-19,0.82814,8.7113e-15,3.6626e-08,2.1106e-19,0.0016899,0.0062219
0.072514,0.0001038,0.11791,0.0042711,0.00031232,4.4321e-05,0.019634,4.1701e-19,0.080729,3.8154e-10,6.4574e-11,0.00026386,2.3413e-19,2.7292e-19,0.70422,4.726e-15,1.0998e-14,2.539e-19,2.2088e-19,2.2144e-07
0.093082,1.5213e-19,0.17017,3.3152e-19,0.00017711,2.6613e-19,6.3165e-17,3.5928e-19,4.6191e-19,4.0874e-19,0.00062921,0.00093111,2.0172e-19,0.00065337,0.68443,1.2736e-19,3.315e-19,0.0027048,1.903e-19,0.047223
0.045162,0.00056238,0.097224,0.0039626,1.6021e-05,0.0032426,0.0072359,6.6251e-16,3.8374e-19,0.0015475,1.0866e-19,1.2258e-07,1.6758e-19,1.9534e-19,0.83615,1.0581e-19,2.754e-19,2.4277e-05,1.5809e-19,0.0048757
0.042733,2.0452e-19,0.098374,0.0063552,0.00013073,3.5778e-19,0.02641,8.6921e-13,2.5685e-05,0.00127,2.1701e-16,0.00057478,2.7119e-19,1.5124e-16,0.8179,1.2433e-11,4.2969e-05,2.8943e-19,6.0876e-12,0.0061856
0.084811,1.8092e-19,0.15482,3.9427e-19,0.00026796,7.3389e-12,0.014246,4.2727e-19,0.021727,8.9826e-15,1.5555e-19,0.00033641,2.399e-19,2.7964e-19,0.70887,1.5147e-19,1.142e-17,0.00070046,2.2632e-19,0.014224
0.070736,0.00043473,0.12867,0.011552,0.00018676,0.00054561,0.012645,4.0556e-19,0.018455,7.9716e-06,2.1658e-18,0.0020314,2.2771e-19,2.6543e-19,0.75474,1.4377e-19,3.7421e-19,2.4302e-19,2.1481e-19,6.4562e-07
0.073068,0.00042432,0.084025,0.014401,0.00022374,0.0016102,1.4179e-05,4.5e-19,5.7855e-19,1.7727e-08,1.6382e-19,0.00039988,2.5266e-19,3.0372e-14,0.82583,1.5952e-19,4.1521e-19,2.6965e-19,2.3835e-19,4.1711e-19
0.027525,0.00086196,0.070153,0.0071,0.00014183,0.0016546,0.010414,1.2117e-17,0.00014767,0.0016472,1.2859e-19,2.0381e-19,1.9833e-19,2.3119e-19,0.88035,1.2522e-19,3.2593e-19,8.5273e-13,2.628e-18,1.5829e-06
0.045943,1.6391e-19,0.092967,0.003116,0.00010427,2.8672e-19,0.0085832,3.8709e-19,4.9766e-19,8.4586e-16,1.4092e-19,1.5528e-09,2.1733e-19,6.395e-06,0.82934,1.3722e-19,2.7197e-12,0.0036965,2.0503e-19,0.016248
0.065709,1.2252e-19,0.099508,1.0747e-12,5.3997e-05,2.1433e-19,0.0099593,2.8935e-19,3.7201e-19,2.3996e-10,1.7353e-18,4.2821e-13,1.6246e-19,1.8938e-19,0.80566,1.0257e-19,1.9741e-09,1.7338e-19,1.5326e-19,0.019108
0.058144,0.00072409,0.21593,0.012794,2.3489e-05,7.0362e-11,0.016331,3.8005e-17,5.5877e-19,4.475e-12,5.0411e-11,2.5077e-19,2.4402e-19,0.003647,0.6918,2.5176e-10,3.2621e-11,2.6043e-19,4.1115e-05,0.00056246
0.094098,1.7575e-19,0.1159,0.0077958,5.0143e-12,0.00139,0.012749,4.1505e-19,0.016554,0.0060422,1.511e-19,5.8922e-16,2.3303e-19,2.7164e-19,0.74547,1.4713e-19,3.8296e-19,2.4871e-19,2.1984e-19,2.2328e-18
0.042097,0.0027434,0.083369,0.018014,1.0629e-08,1.0943e-12,0.0043731,3.343e-19,0.010055,5.4121e-05,1.217e-19,0.0022063,1.8769e-19,2.1879e-19,0.83389,1.1851e-19,2.384e-17,0.0032018,1.7707e-19,3.0986e-19
0.080476,1.3121e-19,0.126,2.8594e-19,0.00059811,2.2953e-19,0.0030337,3.0988e-19,0.0026667,4.2597e-10,0.00031676,0.00078859,1.7398e-19,2.0281e-19,0.7563,1.0985e-19,2.8592e-19,4.5977e-11,1.6413e-19,0.029821
0.076966,1.6427e-19,0.087494,0.003346,0.00028891,0.00030337,0.015837,3.8794e-19,6.5992e-12,0.0033912,1.4123e-19,2.7215e-16,2.1781e-19,2.539e-19,0.80884,1.3752e-19,1.0204e-11,9.4612e-18,2.0548e-19,0.0035321
0.057502,1.3092e-19,0.12401,2.8531e-19,0.00058516,2.2903e-19,0.0056586,3.0919e-19,3.9751e-19,3.5176e-19,0.00058838,4.2213e-07,1.736e-19,2.4368e-11,0.77277,1.0961e-19,4.684e-11,0.0024772,1.6377e-19,0.036402
0.052946,2.063e-19,0.068608,0.016483,9.1334e-05,1.6291e-06,0.009326,7.0757e-15,0.040006,0.0038153,1.7736e-19,8.5768e-05,2.7354e-19,3.1886e-19,0.80864,1.7271e-19,2.3214e-15,2.9194e-19,2.5806e-19,4.5158e-19
0.11427,1.8161e-19,0.064936,0.0045098,0.0022952,3.5256e-07,0.017995,0.0029925,0.0026885,0.0029873,1.0384e-08,0.0017775,2.4081e-19,0.0025976,0.75289,5.0939e-19,3.9575e-19,1.7822e-14,1.2728e-10,0.030052
0.041752,0.002408,0.11643,0.012071,2.6253e-07,1.3938e-07,0.016143,1.5226e-11,0.015735,0.0117,1.0298e-19,1.6321e-19,1.5882e-19,1.8513e-19,0.78305,1.2459e-12,0.00070249,1.695e-19,3.7775e-09,9.0963e-17
0.076016,0.00014491,0.10173,0.011307,0.00066412,5.0578e-07,0.0078457,4.0471e-19,5.2032e-19,4.6043e-19,1.4733e-19,0.0015682,2.2723e-19,0.0024183,0.78251,1.4347e-19,3.7342e-19,0.0015607,2.1436e-19,0.014236
0.04274,0.0012695,0.063294,0.021212,0.00015296,0.00083419,0.0057007,4.2404e-13,0.098453,0.0002602,1.4064e-19,5.54e-14,2.1691e-19,0.0017166,0.76063,6.0229e-14,0.0037345,2.315e-19,2.0463e-19,2.8599e-11
0.05912,1.7421e-19,0.047115,0.014171,1.3491e-10,0.00047643,0.010081,4.1143e-19,0.012815,0.00016065,1.4978e-19,2.3739e-19,2.31e-19,2.9589e-18,0.85606,1.4585e-19,2.1273e-12,1.0169e-12,2.1792e-19,3.8761e-17
0.056612,1.9486e-19,0.18957,0.0013276,0.00042296,1.962e-16,0.046307,4.6019e-19,0.0043586,1.6907e-15,7.9041e-17,0.00066314,2.5838e-19,3.0118e-19,0.6901,6.1235e-15,4.2461e-19,2.1142e-15,2.4375e-19,0.010632
0.11557,1.8125e-19,0.13426,0.0011954,0.00065178,3.1706e-19,0.018919,9.4355e-09,6.616e-13,0.0070109,0.00074421,0.0018805,2.4033e-19,0.0018604,0.69054,0.00012652,0.00022918,0.00076651,0.00060741,0.025644
0.080052,6.8013e-05,0.11661,0.022599,3.9213e-10,0.0012108,0.011383,4.1941e-19,0.010162,0.00013364,1.5268e-19,4.0424e-10,2.3548e-19,2.7449e-19,0.75777,1.4868e-19,3.8698e-19,1.106e-05,2.2215e-19,4.9815e-08
0.092893,1.4155e-19,0.13047,3.0847e-19,0.00018052,2.4762e-19,0.0063755,3.3429e-19,4.2979e-19,3.8032e-19,1.9768e-09,0.00017078,1.8769e-19,6.7267e-09,0.73772,1.185e-19,3.3013e-16,1.0654e-18,1.7707e-19,0.03219
0.072715,0.030635,0.17516,0.010915,9.586e-07,5.7602e-14,0.017583,4.824e-19,6.2021e-19,0.0027303,1.7562e-19,9.5825e-14,2.7085e-19,3.1572e-19,0.68492,1.7101e-19,5.062e-17,2.8906e-19,2.5552e-19,0.0053419
0.045015,1.6905e-19,0.14218,0.0051168,0.00020795,1.1809e-08,0.011519,3.9924e-19,0.17854,0.0016173,1.2406e-17,0.00012733,2.2416e-19,2.613e-19,0.6046,1.4153e-19,3.6838e-19,2.5061e-13,2.1147e-19,0.011068
0.078619,1.6011e-19,0.15818,0.0057868,0.00015652,4.111e-13,0.019301,3.7813e-19,1.3988e-07,0.0027049,2.3123e-19,3.9127e-11,2.123e-19,2.4748e-19,0.72745,1.9461e-13,1.3181e-14,2.2658e-19,2.0029e-19,0.0078002
0.035571,1.8415e-19,0.073823,0.01045,1.016e-09,3.2213e-19,0.001237,4.3489e-19,0.046424,1.6196e-08,1.002e-15,2.342e-16,2.4417e-19,0.00084862,0.80382,1.5417e-19,9.7416e-08,0.0051986,2.3035e-19,0.02263
0.057709,2.1029e-16,0.077907,0.010547,1.9314e-19,0.0012122,0.0081249,4.6311e-19,0.0087169,2.2637e-13,1.6859e-19,5.6182e-08,2.6002e-19,3.031e-19,0.83281,1.6417e-19,4.2731e-19,0.0029754,2.453e-19,4.2925e-19
0.048183,0.00044776,0.096226,0.016652,4.9737e-05,0.0015648,0.012518,3.5855e-19,0.086365,0.00096489,1.3053e-19,9.6145e-11,2.0131e-19,2.3466e-19,0.73702,1.271e-19,3.3083e-19,8.6831e-07,1.8991e-19,5.3451e-06
0.095027,0.00055239,0.15957,0.0052321,0.0003994,0.0011871,2.7245e-19,1.3708e-14,0.0078016,0.00061715,3.5272e-14,6.788e-09,2.0636e-19,2.4055e-19,0.72797,2.0916e-16,3.3913e-19,2.2024e-19,1.6685e-13,0.0016522
0.12611,7.5408e-08,0.1565,5.9663e-19,0.00027335,1.7446e-13,0.0096314,3.3736e-19,0.038425,2.2247e-05,1.2281e-19,0.0015574,1.8941e-19,2.2079e-19,0.64738,1.1959e-19,3.1128e-19,2.0215e-19,1.7869e-19,0.0201
0.075642,0.00038734,0.094002,0.020171,5.9114e-17,0.0027578,0.017396,3.6515e-19,4.8433e-08,2.281e-10,1.3293e-19,1.194e-10,2.0502e-19,2.3898e-19,0.78964,1.2944e-19,3.3692e-19,1.2802e-11,1.9341e-19,2.6733e-11
0.035647,5.5328e-20,0.085169,1.2057e-19,0.00049325,9.6787e-20,0.010361,1.3067e-19,1.6799e-19,1.4865e-19,8.9089e-12,7.5391e-20,7.3363e-20,8.5518e-20,0.82851,4.632e-20,0.0020223,7.8297e-20,6.921e-20,0.0378
0.061749,1.6486e-19,0.12957,4.0201e-06,0.00024154,1.894e-11,0.021354,3.8934e-19,5.0056e-19,5.1049e-13,1.4174e-19,2.2464e-19,2.186e-19,2.5482e-19,0.77775,1.3802e-19,1.1683e-18,3.786e-06,2.0622e-19,0.0093268
0.043938,2.146e-19,0.12872,0.00080002,0.00054538,3.754e-19,0.015958,5.0681e-19,0.020664,0.0012156,6.3428e-17,0.0032447,2.8455e-19,3.317e-19,0.75631,1.7966e-19,4.6763e-19,2.414e-15,2.6844e-19,0.028603
0.059448,1.8024e-19,0.11078,0.0086576,7.7736e-10,0.00038259,0.013982,4.2567e-19,0.027113,1.4714e-08,1.5496e-19,1.7995e-08,2.3899e-19,2.7859e-19,0.77964,1.509e-19,3.9276e-19,1.0458e-17,2.2546e-19,6.6033e-17
0.048557,1.617e-19,0.076759,0.017134,5.1668e-08,0.00019374,0.0087079,3.8188e-19,0.053003,0.0015618,1.3902e-19,2.7669e-14,2.1441e-19,2.4994e-19,0.79408,1.3538e-19,3.5236e-19,8.5024e-10,2.0227e-19,3.5397e-19
0.011456,1.4986e-19,0.044966,0.0537,1.4759e-19,2.6215e-19,9.3425e-08,3.5391e-19,4.55e-19,1.933e-08,1.2884e-19,2.042e-19,1.987e-19,0.0044741,0.85706,1.2546e-19,3.2655e-19,1.2155e-16,1.8745e-19,0.028345
0.074974,1.7426e-19,0.15597,0.0039926,4.5048e-06,0.00029301,0.012623,4.1154e-19,0.0056098,0.010068,1.4982e-19,2.7827e-12,2.3106e-19,2.6935e-19,0.73038,1.4589e-19,3.7973e-19,1.8385e-08,2.1798e-19,0.0060876
0.058095,1.8328e-19,0.068391,0.020789,1.8051e-19,0.0009048,0.015453,4.3284e-19,0.016046,1.1403e-08,1.5757e-19,2.4974e-19,2.4302e-19,2.8329e-19,0.82032,1.5344e-19,1.2647e-18,3.3142e-10,2.2926e-19,4.012e-19
0.0676,1.6003e-19,0.10597,0.012752,7.9929e-06,0.00033402,0.010202,3.7794e-19,0.012718,1.6524e-10,1.3759e-19,7.1961e-06,2.122e-19,2.4736e-19,0.78775,1.3398e-19,3.4873e-19,0.0026513,2.0019e-19,6.2276e-13
0.059371,1.1259e-08,0.080392,0.0088605,8.101e-05,1.9168e-05,0.013367,5.3271e-19,0.04806,0.0048192,1.9393e-19,3.0737e-19,2.991e-19,3.4865e-19,0.77836,1.8884e-19,4.9153e-19,0.0058667,2.8216e-19,0.00080433
0.069092,1.4963e-19,0.06801,0.026157,0.00023907,4.5567e-09,0.02092,3.5338e-19,0.20186,0.0014926,1.2865e-19,8.4566e-15,1.9841e-19,2.3128e-19,0.59778,1.2527e-19,1.1649e-17,0.012611,1.8718e-19,0.001836
0.059423,1.4072e-08,0.15515,0.0088114,0.00027283,0.016995,0.024092,4.5968e-19,0.024698,0.0080866,1.6734e-19,5.4908e-08,2.5809e-19,3.0086e-19,0.70247,1.6296e-19,4.2415e-19,1.2957e-08,2.4348e-19,1.712e-06
0.072171,1.8982e-19,0.10118,0.0022829,0.00011995,2.2994e-06,0.0064313,4.4828e-19,5.7634e-19,1.9283e-10,6.1186e-16,7.93e-10,2.5169e-19,8.9314e-06,0.81141,1.5891e-19,6.3847e-16,2.6862e-19,2.3744e-19,0.0063914
0.084752,3.6587e-17,0.16351,0.015569,6.5232e-15,0.00090977,0.0092839,4.6452e-19,0.016402,1.1793e-06,1.6911e-19,5.4255e-05,2.6081e-19,3.0402e-19,0.70952,1.6467e-19,4.2861e-19,1.1304e-07,2.4604e-19,5.1352e-17
0.045626,1.7676e-19,0.096945,0.0066024,0.00018145,3.1782e-09,0.010861,4.1745e-19,0.04218,0.00031211,1.5197e-19,8.5209e-06,2.3438e-19,2.8608e-19,0.79728,3.098e-19,2.6924e-10,2.5014e-19,2.2111e-19,8.0728e-06
0.04196,1.9822e-19,0.062901,0.006733,0.00014883,4.5237e-05,0.013979,4.6812e-19,6.0184e-19,0.00078021,1.7042e-19,2.701e-19,2.6283e-19,3.0638e-19,0.868,1.6595e-19,0.0027692,0.0015483,2.4795e-19,0.0011329
0.030862,1.4918e-19,0.14329,1.3122e-09,0.00011977,2.6096e-19,0.018112,3.5231e-19,0.069438,4.0082e-19,1.3147e-17,1.2929e-05,1.9781e-19,2.3058e-19,0.72715,1.2489e-19,3.2507e-19,3.925e-17,1.8661e-19,0.011013
0.04739,0.00011076,0.060234,0.012293,1.1444e-19,0.0012901,0.0056023,2.744e-19,0.075724,0.0034456,9.9893e-20,1.5832e-19,1.5406e-19,2.1109e-18,0.79391,9.7272e-20,2.5318e-19,5.2511e-09,1.4534e-19,5.9888e-17
0.071384,1.3164e-19,0.10316,0.013426,5.5594e-14,0.0011343,0.01025,3.1087e-19,0.031146,0.0038883,1.1317e-19,1.7937e-19,1.7454e-19,2.0346e-19,0.76561,1.102e-19,2.8684e-19,1.9652e-06,1.6466e-19,2.8815e-19
0.072872,1.319e-19,0.089442,0.0076563,0.00018851,2.3073e-19,6.3763e-15,3.1149e-19,4.0047e-19,3.5438e-19,1.6506e-06,0.0010645,1.7489e-19,0.0058858,0.80148,1.1042e-19,0.00071361,1.8665e-19,5.4389e-17,0.020698
0.055496,1.3184e-19,0.089255,2.873e-19,8.2937e-05,2.3062e-19,0.010365,3.1135e-19,4.0029e-19,3.5422e-19,1.1334e-19,3.3328e-07,1.7481e-19,2.0377e-19,0.82887,1.1037e-19,4.016e-15,6.7934e-14,1.6491e-19,0.015928
0.061498,1.2153e-19,0.12676,2.6485e-19,1.4847e-07,2.126e-19,0.012597,2.8702e-19,3.6901e-19,2.7547e-09,1.0449e-19,1.6561e-19,1.6115e-19,1.8785e-19,0.77917,1.0175e-19,0.0048734,1.9923e-19,1.5203e-19,0.015093
0.11931,1.3137e-07,0.12085,0.00099945,0.00031176,7.3907e-11,0.012503,4.3978e-19,0.0027304,1.2122e-16,1.8725e-07,0.0013713,2.4692e-19,6.4814e-12,0.73315,1.559e-19,4.0579e-19,2.6353e-19,2.3294e-19,0.0087598
0.06534,2.1994e-16,0.078138,0.023296,2.5514e-06,0.0011789,0.016937,4.3422e-19,0.0097622,0.0041068,1.5808e-19,2.5054e-19,2.438e-19,2.8419e-19,0.80124,1.5393e-19,4.0065e-19,2.731e-19,2.3e-19,4.0248e-19
0.068387,1.4691e-19,0.10401,3.2015e-19,0.00020176,2.57e-19,0.013162,3.4695e-19,0.013083,4.1646e-19,1.2631e-19,3.1506e-05,1.948e-19,2.2707e-19,0.77588,1.2299e-19,3.2013e-19,3.633e-11,1.8377e-19,0.025247
0.017454,1.5743e-19,0.084174,0.0039632,0.00016713,2.7539e-19,0.024933,3.7178e-19,0.13426,0.0051912,1.3534e-19,2.1451e-19,2.0874e-19,2.4333e-19,0.71198,3.8918e-18,1.5116e-13,0.0021009,1.9777e-19,0.015768
0.04521,1.6149e-19,0.071825,0.0089763,0.00010075,1.0021e-07,0.0081124,3.8138e-19,0.034093,0.0030906,8.7158e-15,9.0581e-17,2.1413e-19,2.4961e-19,0.82859,1.352e-19,5.6806e-15,2.2853e-19,5.7939e-14,6.2461e-12
0.069216,1.3984e-19,0.1545,3.0475e-19,0.00033194,2.4463e-19,0.010199,3.3026e-19,4.246e-19,3.7573e-19,3.9753e-07,0.0031114,1.8543e-19,2.1615e-19,0.73137,1.1707e-19,3.0473e-19,0.003527,1.7493e-19,0.027739
0.061986,1.5382e-19,0.11894,0.00057033,0.00010441,8.1655e-16,0.020705,3.6327e-19,3.7605e-05,0.004805,2.9261e-14,2.096e-19,2.0396e-19,2.3775e-19,0.78662,1.2878e-19,1.2671e-07,2.1768e-19,8.3098e-12,0.006228
0.050099,2.3452e-19,0.089758,0.016391,0.00013659,1.4453e-08,0.005387,5.5386e-19,0.1092,0.058388,2.0163e-19,0.0052935,3.1097e-19,3.6249e-19,0.66535,1.9634e-19,5.1104e-19,2.0916e-09,2.9336e-19,4.0036e-08
0.020445,9.2114e-13,0.041222,0.024634,1.7454e-19,0.00075622,0.0057556,4.1851e-19,0.0017693,4.5705e-07,1.5235e-19,2.4147e-19,2.3498e-19,2.5482e-10,0.90542,1.4836e-19,3.8615e-19,8.6441e-13,2.2167e-19,3.8791e-19
0.050365,1.3278e-19,0.055184,0.0043155,0.00031624,0.0014507,0.0062724,5.6887e-15,0.12642,0.003155,1.1416e-19,1.8744e-10,1.7606e-19,2.0523e-19,0.74024,1.1116e-19,2.8934e-19,0.0037022,2.087e-18,0.0085859
0.038414,2.078e-19,0.083866,0.027095,3.2426e-05,1.314e-08,0.0022233,4.9074e-19,0.046916,5.583e-19,1.7865e-19,0.00059445,2.7553e-19,3.0976e-10,0.80086,1.7396e-19,4.528e-19,1.718e-06,2.5993e-19,4.5486e-19
0.067433,0.00030758,0.11706,2.0709e-11,0.00036837,2.9366e-19,0.0036382,3.9645e-19,5.097e-19,3.1419e-11,1.0141e-11,0.00073868,2.2259e-19,2.2533e-13,0.78285,1.4054e-19,3.658e-19,2.3756e-19,2.0999e-19,0.027599
0.067825,1.7809e-19,0.13534,3.881e-19,1.754e-19,3.1154e-19,0.017818,4.2058e-19,5.4073e-19,5.6306e-18,1.5311e-19,2.4267e-19,2.3614e-19,2.7526e-19,0.76507,1.4909e-19,0.0027398,0.00071231,2.2277e-19,0.010495
0.065562,1.8084e-19,0.072918,3.9409e-19,0.00030808,1.4666e-11,0.019785,4.2707e-19,5.4907e-19,2.5555e-13,1.5547e-19,1.0922e-18,2.3979e-19,0.0041862,0.8195,1.514e-19,8.0265e-05,0.0025856,2.2621e-19,0.015074
0.05998,0.00010613,0.083731,0.032597,2.6451e-05,2.2457e-12,0.0023085,3.474e-19,1.0633e-13,0.00018654,2.0016e-16,1.3269e-08,1.9505e-19,0.00187,0.81919,1.2315e-19,5.1254e-13,2.0817e-19,1.983e-08,3.22e-19
0.046259,7.3679e-14,0.077919,0.0075364,0.00021885,0.00075328,0.02196,2.755e-19,0.0049688,2.5227e-14,1.0029e-19,8.9027e-10,1.5468e-19,2.6922e-11,0.84038,9.7662e-20,1.3822e-17,8.8719e-18,1.4592e-19,2.5536e-19
0.068018,1.6613e-19,0.084926,0.0014246,0.00021432,2.5887e-17,0.0078183,3.9233e-19,0.0076622,0.00019679,2.2174e-12,3.441e-13,2.2028e-19,5.2648e-15,0.80945,2.8297e-10,0.0077711,0.0011249,1.4494e-05,0.011377
0.060483,1.894e-19,0.13357,0.025467,1.3781e-13,7.9616e-08,0.017385,4.4729e-19,0.013147,0.0036016,1.6283e-19,2.9763e-15,2.5114e-19,2.9274e-19,0.74635,1.5856e-19,4.1271e-19,1.9724e-17,2.3692e-19,4.1459e-19
0.051553,1.8324e-19,0.062173,0.017326,3.2265e-05,0.0017968,0.013594,1.0694e-07,0.018048,0.012304,1.5754e-19,2.4969e-19,2.4297e-19,2.8323e-19,0.82317,1.5341e-19,3.9929e-19,2.3393e-14,2.2922e-19,4.0111e-19
0.038587,8.7722e-20,0.078882,0.00085667,0.00011095,0.00010345,0.0078804,2.0717e-19,0.012,8.6618e-16,7.5418e-20,0.00039161,1.1632e-19,1.3559e-19,0.85519,7.344e-20,1.9115e-19,1.1654e-11,1.0973e-19,0.0059987
0.056619,1.7728e-19,0.072099,0.0091681,0.00010119,1.1588e-14,0.0079512,4.1866e-19,0.064727,0.0042497,1.5241e-19,2.4156e-19,2.3506e-19,2.7401e-19,0.7759,1.4841e-19,3.863e-19,3.9872e-11,2.2175e-19,0.0091878
0.14975,0.0014777,0.047732,0.0047964,0.00041781,0.00083333,0.016769,3.478e-19,4.4715e-19,2.5152e-11,1.2661e-19,2.0067e-19,1.9527e-19,0.0019024,0.77633,1.2329e-19,5.3662e-08,2.0841e-19,1.8422e-19,3.2237e-19
0.037384,0.0010429,0.053703,0.015336,1.3781e-19,0.00020666,0.0067687,3.3045e-19,0.11913,0.00039924,1.203e-19,1.9066e-19,1.8553e-19,2.1627e-19,0.76602,1.1714e-19,1.5591e-05,1.9801e-19,1.7503e-19,3.0629e-19
0.054908,1.2826e-19,0.091019,0.0025697,1.9487e-06,4.6656e-08,0.015654,3.0291e-19,0.01527,5.6116e-15,1.1027e-19,0.00044382,1.7007e-19,1.9825e-19,0.8009,1.0738e-19,2.7949e-19,0.0030309,1.6044e-19,0.016198
0.034643,6.5107e-06,0.11647,7.6227e-10,9.1912e-09,2.384e-19,0.057119,3.2184e-19,4.1378e-19,0.0030411,1.1716e-19,1.857e-19,1.807e-19,2.1064e-19,0.78394,1.1409e-19,0.0021229,3.2161e-05,1.7047e-19,0.0026319
0.094731,0.0016779,0.046183,0.010177,0.00049222,9.4504e-07,0.047158,3.3033e-19,4.2469e-19,3.7581e-19,1.7508e-10,8.4681e-13,1.8547e-19,0.0091712,0.78703,3.4291e-18,0.0033835,1.9794e-19,1.7497e-19,3.0618e-19
0.0134,1.4176e-19,0.15832,3.0892e-19,0.00014516,2.8478e-18,0.037662,3.3478e-19,4.3042e-19,3.8088e-19,1.2984e-15,0.0032932,1.8797e-19,2.1911e-19,0.77254,1.1868e-19,0.00058373,0.0032818,1.7733e-19,0.010776
0.011238,1.571e-19,0.057214,0.0069556,4.4535e-05,3.4597e-15,0.024195,3.71e-19,0.033267,0.0073381,1.3506e-19,2.1406e-19,2.083e-19,2.4282e-19,0.8531,1.3967e-05,0.0033081,0.003324,1.9368e-10,3.4071e-16
0.055256,0.00026919,0.11092,0.012184,1.3932e-19,0.0013408,0.0094593,3.3406e-19,0.0046182,1.023e-17,1.2161e-19,6.5686e-17,1.8756e-19,6.5216e-11,0.80596,1.1842e-19,7.0036e-17,2.5723e-16,1.7694e-19,2.2385e-13
0.040937,1.4298e-19,0.12516,0.00094011,0.00012979,2.5012e-19,0.023695,3.3767e-19,3.6635e-10,2.6507e-06,1.2292e-19,8.4864e-13,1.8959e-19,2.21e-19,0.79985,1.197e-19,2.4601e-07,1.4998e-06,1.7885e-19,0.0092831
0.065492,4.0936e-06,0.072358,0.0096813,0.00044947,2.2e-19,0.010478,2.9701e-19,3.8185e-19,3.379e-19,1.0812e-19,0.00037353,1.6676e-19,0.00046364,0.81997,1.0529e-19,2.7405e-19,0.0045316,1.5732e-19,0.0162
0.03059,1.416e-19,0.094523,1.2062e-18,0.00012063,2.477e-19,0.0074875,3.3441e-19,4.2993e-19,3.2726e-15,1.2741e-18,6.4267e-07,1.8775e-19,2.1886e-19,0.84958,1.1854e-19,1.6085e-08,0.0010264,1.7713e-19,0.016676
0.085467,0.0084084,0.073542,3.6651e-11,2.7477e-05,3.2097e-19,0.020715,4.3332e-19,5.571e-19,4.9298e-19,9.3088e-19,9.7796e-19,2.4329e-19,2.836e-19,0.79108,1.5361e-19,9.7788e-08,2.5965e-19,2.2952e-19,0.020756
0.044109,2.0008e-13,0.084748,0.0051085,5.9735e-17,0.0012135,0.01026,4.4256e-19,0.0099813,3.4045e-08,1.6111e-19,2.5535e-19,2.4848e-19,2.8965e-19,0.84458,1.5688e-19,8.9703e-15,1.8745e-06,2.3441e-19,1.0037e-13
0.050023,1.2883e-19,0.085498,2.8075e-19,0.00011532,2.2537e-19,0.012193,3.0426e-19,3.9117e-19,3.4614e-19,1.1076e-19,4.4031e-16,1.7083e-19,1.9913e-19,0.82954,1.0786e-19,2.4433e-07,2.7263e-09,1.6116e-19,0.022633
0.025978,1.7099e-19,0.06818,0.013127,0.0001419,2.9911e-19,0.0085451,4.0381e-19,7.7325e-08,0.010978,9.5652e-17,2.3299e-19,2.2672e-19,2.6429e-19,0.8491,1.4315e-19,0.0039351,0.0060874,3.0932e-07,0.013925
0.076849,0.00020233,0.081038,0.014551,0.00021498,1.15e-09,0.0065385,3.6877e-19,0.0025697,3.6571e-09,3.0799e-17,7.3511e-05,2.0705e-19,2.4135e-19,0.80749,1.3073e-19,3.4026e-19,2.2097e-19,1.9533e-19,0.010476
0.022098,1.3494e-19,0.14854,4.1936e-19,0.00055935,2.3606e-19,0.027351,3.1869e-19,4.0972e-19,5.5694e-06,5.3252e-15,0.00096076,1.7893e-19,2.0857e-19,0.77679,1.1297e-19,1.7889e-17,9.5578e-12,1.688e-19,0.023691
0.053192,1.9225e-19,0.049681,0.014113,7.9104e-05,0.00054091,0.0083931,4.5403e-19,0.043825,0.0092966,1.6529e-19,2.6197e-19,2.5492e-19,2.9715e-19,0.82088,1.6095e-19,4.1893e-19,1.1267e-13,2.4049e-19,4.2084e-19
0.054966,6.0414e-05,0.045345,0.019474,2.278e-19,0.0021987,1.4276e-12,2.156e-13,0.33443,0.00015056,1.9885e-19,1.7572e-09,3.0668e-19,3.5749e-19,0.54337,1.9363e-19,5.0399e-19,1.8512e-09,2.8932e-19,5.0629e-19
0.078726,2.1252e-12,0.12104,0.012608,1.1062e-08,0.00073784,0.012525,3.7067e-19,0.044331,0.004353,1.3494e-19,2.4927e-09,2.0811e-19,2.4259e-19,0.72568,1.314e-19,3.4201e-19,2.2211e-19,1.9633e-19,3.6656e-19
0.088317,1.929e-19,0.11541,0.010504,4.5737e-08,0.00069293,0.016166,4.5555e-19,0.020907,0.0081364,1.6584e-19,0.00056505,2.5577e-19,2.9815e-19,0.7393,1.6149e-19,4.2033e-19,1.9823e-16,2.4129e-19,2.1331e-13
0.036515,0.00019175,0.10492,0.0035528,0.00016563,4.864e-19,0.029206,3.0507e-19,0.0056566,0.0010003,1.1106e-19,6.4072e-18,1.7129e-19,1.9966e-19,0.808,2.2603e-09,0.0022111,1.8575e-08,1.6159e-19,0.0085793
0.044017,1.903e-19,0.11475,0.10924,1.8743e-19,1.1489e-18,0.0030893,4.4942e-19,0.030587,0.0063705,1.6361e-19,3.4803e-07,2.5233e-19,2.9414e-19,0.69195,1.5932e-19,4.1468e-19,2.693e-19,2.3805e-19,4.1657e-19
0.044347,1.4796e-19,0.082271,0.0040985,0.0001447,2.5883e-19,0.013117,3.4943e-19,4.4925e-19,1.167e-06,1.2721e-19,0.00017421,1.9619e-19,2.287e-19,0.83639,1.2387e-19,3.2242e-19,1.2744e-18,1.8509e-19,0.019455
0.090705,1.7205e-19,0.084841,0.0038988,9.938e-05,5.7103e-14,0.012897,4.0633e-19,9.6733e-06,0.00082899,1.4792e-19,8.3356e-10,2.2814e-19,2.6593e-19,0.78954,0.0010926,6.3419e-19,0.0029932,2.1522e-19,0.013094
0.04286,1.3736e-19,0.10752,1.278e-10,4.4224e-05,2.4028e-19,0.0029117,3.2439e-19,4.1705e-19,3.6905e-19,2.3279e-19,2.0721e-06,1.8213e-19,0.00051657,0.82881,1.1499e-19,4.7646e-08,7.5747e-06,1.7182e-19,0.01732
0.062509,1.7473e-19,0.08939,0.0053432,0.00058765,2.7253e-11,0.0058661,4.1265e-19,0.09296,0.0035777,1.5022e-19,0.0023327,2.3169e-19,2.7007e-19,0.73743,1.4628e-19,3.8075e-19,2.4727e-19,2.1857e-19,2.4399e-08
0.079164,0.00059513,0.085875,3.8087e-19,0.00055859,0.0028183,0.025417,4.1275e-19,0.00040781,0.020528,1.5026e-19,2.3815e-19,2.3174e-19,2.7014e-19,0.77879,1.4632e-19,3.8084e-19,2.4733e-19,0.0001479,0.0057008
0.064362,0.00040948,0.12659,0.011358,0.00020163,2.2872e-19,0.014414,3.0877e-19,3.9698e-19,2.0196e-07,1.1241e-19,7.6979e-05,1.7336e-19,7.9833e-08,0.76976,1.0946e-19,2.849e-19,1.8502e-19,1.6355e-19,0.012831
0.088813,0.0023195,0.092071,0.0046182,0.00017481,0.00047568,0.019263,4.2454e-19,5.4581e-19,0.0051525,1.5455e-19,2.4495e-19,2.3836e-19,2.7785e-19,0.78425,1.5049e-19,6.3035e-13,2.5439e-19,2.2939e-13,0.0028579
0.056811,8.3885e-09,0.094491,0.023051,4.0011e-14,0.00068001,0.0052395,4.5014e-19,0.015798,0.003678,1.6387e-19,2.8356e-10,2.5274e-19,2.9461e-19,0.80025,1.5957e-19,4.1534e-19,1.4245e-14,2.3843e-19,1.6517e-13
0.064818,1.5951e-19,0.080211,0.0044667,0.00030889,0.0014243,0.010934,3.7671e-19,0.077918,0.0074826,1.3714e-19,2.0809e-08,2.1151e-19,2.4655e-19,0.75244,1.3354e-19,3.4758e-19,8.9551e-15,5.766e-15,5.2711e-17
0.068224,0.0030294,0.12516,4.2863e-19,0.00070512,3.4407e-19,0.0029565,4.6451e-19,5.972e-19,5.2846e-19,0.00065839,0.0020131,2.608e-19,0.0003645,0.77257,1.6466e-19,5.2063e-13,4.6654e-18,2.4604e-19,0.024325
0.058842,1.5888e-19,0.095563,0.025087,6.0482e-05,0.00052111,0.018117,3.7523e-19,0.041677,0.002789,1.366e-19,5.7109e-12,2.1068e-19,2.4558e-19,0.75734,1.3302e-19,3.4622e-19,6.1099e-13,1.9875e-19,7.5006e-16
0.0525,1.3799e-19,0.1056,0.0015022,9.7956e-05,2.4138e-19,0.0035601,3.2588e-19,0.061646,2.7579e-11,5.6158e-10,2.0609e-08,1.8297e-19,5.9305e-19,0.75396,4.8247e-16,0.002138,1.9527e-19,1.2196e-17,0.018997
0.056995,0.00023896,0.12726,0.015452,1.3891e-05,0.0022063,0.010125,3.2066e-19,0.0064943,4.6083e-11,1.1673e-19,0.0011202,1.8004e-19,2.0987e-19,0.78009,1.1367e-19,2.9587e-19,3.6801e-11,1.6984e-19,1.2415e-14
0.070795,1.5124e-19,0.11023,0.003084,8.7511e-05,1.0297e-13,0.018191,3.5718e-19,4.5921e-19,0.0050033,1.3003e-19,1.7785e-11,2.0054e-19,2.3377e-19,0.78283,1.2662e-19,3.2957e-19,2.1403e-19,1.8919e-19,0.0097707
0.042223,1.0913e-13,0.039421,0.065723,6.8045e-05,0.00022401,0.001778,2.6871e-19,3.4547e-19,1.6897e-08,9.7821e-20,1.5504e-19,1.5087e-19,0.00098585,0.84906,9.5255e-20,2.4793e-19,1.6101e-19,1.4233e-19,0.00051387
0.062477,0.00049873,0.14681,0.0032396,2.9679e-06,2.4792e-19,0.019154,5.0034e-17,4.3031e-19,0.0017299,5.7447e-19,1.9311e-19,1.8792e-19,0.00064203,0.75567,2.6601e-19,0.0050596,2.0056e-19,0.00033473,0.0043812
0.043246,1.8223e-19,0.068411,0.02103,3.038e-14,0.00024592,0.0075936,4.3036e-19,0.10285,0.0025005,1.5667e-19,1.3968e-07,2.4163e-19,2.8166e-19,0.74881,1.5256e-19,3.9709e-19,0.0053089,2.2795e-19,3.989e-19
0.090205,5.2363e-18,0.097266,0.0016995,0.00063169,1.2692e-13,0.010216,5.5592e-19,3.2558e-07,2.6309e-11,2.0238e-19,1.3061e-07,3.1213e-19,3.7974e-14,0.78279,1.9707e-19,5.1294e-19,1.9344e-05,2.9446e-19,0.017176
0.00061418,1.3765e-19,0.041647,0.019301,1.3557e-19,0.0039166,0.030141,0.0061332,0.0053675,0.021646,1.1835e-19,1.8757e-19,4.844e-13,6.3111e-19,0.86277,1.2724e-15,2.9995e-19,1.948e-19,0.0035212,0.0049446
0.030177,0.0011898,0.070088,0.0033087,5.0909e-11,8.2897e-12,0.019023,4.1971e-16,0.023502,0.0088148,1.4625e-19,2.318e-19,5.5116e-05,2.6293e-19,0.84384,1.4242e-19,3.7069e-19,4.8871e-09,2.1279e-19,6.1518e-06
0.086905,1.914e-19,0.10367,0.0025874,3.4181e-05,3.3482e-19,0.016211,4.5202e-19,5.8115e-19,3.4009e-17,1.6456e-19,4.483e-08,2.5379e-19,6.231e-12,0.7728,1.6024e-19,4.1708e-19,2.8054e-17,2.3942e-19,0.017791
0.068443,1.5121e-19,0.14369,3.2951e-19,0.00028816,2.6451e-19,0.024473,3.5709e-19,4.591e-19,4.0626e-19,1.3e-19,0.0017856,2.0049e-19,0.00047317,0.733,1.2659e-19,3.2949e-19,3.5043e-17,1.8914e-19,0.027843
0.059429,1.7974e-19,0.090736,0.0074407,0.000146,0.0011531,0.016425,4.2447e-19,0.066033,0.010054,1.5453e-19,3.3217e-06,2.3832e-19,2.7781e-19,0.74858,1.5047e-19,3.9166e-19,3.2331e-17,2.2483e-19,3.9344e-19
0.030519,1.0866e-05,0.049953,0.05712,2.1729e-19,5.7194e-10,0.0041466,5.2102e-19,0.027996,0.0053123,1.8967e-19,3.0062e-19,2.9253e-19,3.41e-19,0.82494,1.847e-19,4.8074e-19,9.9596e-17,2.7597e-19,4.8294e-19
0.046893,1.317e-19,0.04887,0.078646,1.2971e-19,2.1414e-16,2.3055e-19,3.1103e-19,1.6994e-13,0.0053453,1.1323e-19,1.7946e-19,1.7463e-19,2.0356e-19,0.81433,1.1026e-19,2.8698e-19,0.0059124,1.6474e-19,2.8829e-19
0.028566,1.2818e-19,0.087089,0.0013911,4.4402e-05,2.2422e-19,0.0036077,3.0271e-19,3.8918e-19,3.4438e-19,1.0609e-06,2.559e-12,1.6996e-19,0.0027201,0.8577,1.0731e-19,0.0040557,0.0023068,1.6033e-19,0.012518
0.055294,1.9079e-19,0.15304,4.1577e-19,9.3614e-05,3.3375e-19,0.016757,4.5058e-19,5.7929e-19,1.0367e-08,1.6403e-19,8.9732e-11,2.5298e-19,2.9489e-19,0.74902,1.5973e-19,4.1574e-19,0.0044104,2.3866e-19,0.021387
0.03907,1.7504e-19,0.083103,0.0061294,0.00010531,3.062e-19,0.010128,4.1337e-19,5.3146e-19,0.00093662,1.5049e-19,3.7262e-07,2.3209e-19,0.00024326,0.84289,1.4654e-19,3.8142e-19,2.015e-12,2.1895e-19,0.01739
0.046578,0.00044117,0.14948,0.010445,4.0337e-05,7.1068e-16,0.014062,3.0504e-19,3.9218e-19,1.6799e-14,1.1105e-19,2.9005e-11,1.7127e-19,1.9964e-19,0.77715,1.0813e-19,2.8146e-19,1.1439e-05,1.6157e-19,0.0017945
0.098351,1.3623e-19,0.12169,0.0070843,0.00021009,2.383e-19,0.019461,3.2172e-19,0.020123,1.3447e-14,1.7976e-13,0.00027794,1.8063e-19,2.6821e-10,0.71245,1.1405e-19,9.8238e-12,0.0047893,1.704e-19,0.015555
0.055825,2.0604e-19,0.059828,0.0063792,1.5835e-09,0.00018467,0.012486,4.866e-19,0.040178,0.00187,1.7714e-19,2.8076e-19,2.732e-19,3.1847e-19,0.82325,1.7249e-19,2.2005e-12,1.9779e-15,2.5774e-19,5.141e-11
0.097555,1.4514e-19,0.17562,3.1629e-19,0.00012817,2.5389e-19,0.0083939,3.4276e-19,4.4068e-19,3.8996e-19,2.353e-13,0.001197,1.9245e-19,0.0013163,0.69258,1.2151e-19,5.5113e-18,4.0986e-10,1.8155e-19,0.023206
0.067463,0.00044515,0.09679,0.0026078,0.00034379,0.0025401,0.020037,4.2796e-19,0.0024625,0.011704,1.558e-19,0.00051738,2.4028e-19,2.8009e-19,0.79509,1.5171e-19,3.9488e-19,3.2785e-12,2.2668e-19,6.5826e-18
0.066973,1.7897e-19,0.11418,0.0070309,5.1809e-05,0.0020545,0.02453,4.2266e-19,0.010009,0.0025094,1.5387e-19,0.0081349,2.3731e-19,2.7663e-19,0.76452,1.4983e-19,3.8999e-19,4.2182e-14,2.2387e-19,3.3869e-07
0.072665,1.566e-19,0.11926,0.0036868,0.00026896,0.00014726,0.014008,3.6982e-19,0.047706,0.006755,1.3463e-19,0.00044312,2.0764e-19,2.4204e-19,0.72848,1.311e-19,3.4123e-19,6.8468e-15,1.9588e-19,0.006576
0.044975,0.00010479,0.12767,3.7182e-19,0.00010428,2.9847e-19,0.010166,4.0295e-19,0.017796,4.5843e-19,1.4669e-19,2.2042e-15,2.2624e-19,0.0013526,0.77138,1.4284e-19,0.011027,0.0016418,2.1343e-19,0.01378
0.087963,0.00046614,0.11457,0.015418,0.0071843,0.00037726,0.035319,0.0070361,6.1516e-18,0.0013494,5.8664e-18,1.1128e-16,0.01325,1.3713e-10,0.71566,1.2358e-16,5.6741e-17,2.9697e-17,3.2311e-19,0.001405
0.081494,2.2431e-19,0.064499,0.010058,0.00018349,0.0025581,0.021569,5.2974e-19,0.17277,0.0080077,1.9285e-19,0.00094749,1.2217e-17,3.4671e-19,0.63792,3.9793e-16,2.8671e-12,1.0671e-06,9.7482e-15,9.3385e-08
0.060225,1.6645e-19,0.07832,0.0025122,0.0001239,0.0025493,0.043725,3.9309e-19,5.0538e-19,4.4721e-19,2.1459e-19,1.6191e-14,2.207e-19,1.6009e-17,0.79896,1.3935e-19,2.1159e-15,0.0041551,2.0821e-19,0.0094318
0.0338,1.1328e-19,0.071753,0.013127,9.0864e-08,0.00022959,0.020654,2.6752e-19,0.0032735,0.0026486,9.739e-20,1.3466e-16,1.502e-19,1.7509e-19,0.84818,9.4835e-20,2.4684e-19,0.0060783,1.417e-19,0.00025565
0.058771,0.00021373,0.069087,0.023072,0.00010338,0.000723,0.01611,4.1358e-19,0.012946,2.1162e-11,1.5056e-19,2.236e-18,2.3221e-19,6.2259e-13,0.81897,1.4661e-19,3.8161e-19,2.4783e-19,2.1906e-19,3.8335e-19
0.061436,1.3817e-19,0.12048,3.011e-19,2.5183e-07,2.417e-19,0.0087584,3.2631e-19,4.1952e-19,3.7123e-19,1.6455e-12,6.0659e-09,1.8321e-19,0.00092269,0.77876,1.1567e-19,0.0035294,1.3513e-11,1.7284e-19,0.026112
0.034736,1.3986e-19,0.083684,0.011131,0.00010382,2.1514e-06,0.010673,1.0038e-12,0.00040437,0.0038309,1.2024e-19,1.9844e-15,1.8545e-19,2.1617e-19,0.85,1.1709e-19,3.0476e-19,0.0054314,1.7495e-19,9.1652e-18
0.045287,0.00073611,0.098659,0.0016526,3.9067e-09,2.5273e-18,0.011548,3.3743e-19,4.3382e-19,3.8389e-19,1.2284e-19,1.1137e-12,1.8945e-19,2.2084e-19,0.82742,1.1962e-19,4.0819e-16,4.7153e-08,1.7873e-19,0.014697
0.065609,4.0844e-18,0.069881,0.021145,2.0994e-17,4.4089e-18,0.012277,2.6894e-19,0.18778,0.00036599,1.8785e-10,5.5229e-14,1.51e-19,3.055e-13,0.63878,9.5336e-20,3.2389e-16,1.6115e-19,1.4245e-19,0.0041588
0.053904,1.2014e-19,0.11606,0.017388,8.0693e-05,4.6963e-09,0.0099688,2.8373e-19,0.0026148,1.8524e-08,1.0329e-19,6.6151e-12,1.593e-19,7.2832e-06,0.79797,1.0058e-19,2.6179e-19,4.2803e-05,1.5028e-19,0.0019622
0.043922,1.6945e-19,0.075381,3.6927e-19,9.8408e-09,2.9642e-19,0.011416,4.0018e-19,5.145e-19,4.5528e-19,1.4568e-19,2.9484e-16,2.2469e-19,2.6191e-19,0.83655,1.4186e-19,0.0047083,0.007331,2.1197e-19,0.020688
0.023078,1.259e-19,0.02142,0.0029788,0.00027548,3.2473e-08,0.014748,2.9733e-19,3.8227e-19,0.0072569,1.0824e-19,1.7156e-19,1.6694e-19,4.9666e-13,0.91672,1.054e-19,0.0071493,0.0060616,0.00031527,7.0477e-15
0.039057,4.7741e-05,0.017241,0.010009,4.7856e-07,2.8827e-19,0.037009,2.0649e-17,5.0035e-19,0.0013659,1.4168e-19,2.2455e-19,2.1851e-19,1.7525e-13,0.88419,1.3796e-19,3.5909e-19,2.332e-19,2.0614e-19,0.011074
0.12378,3.2771e-18,0.17074,0.0092728,1.1038e-07,0.0013945,0.017362,3.3058e-19,0.013776,0.0058089,1.2035e-19,9.3715e-13,1.8561e-19,2.1636e-19,0.65786,1.1719e-19,3.0503e-19,1.9809e-19,1.751e-19,1.0822e-13
0.045906,1.4011e-19,0.077685,0.0060219,1.0131e-13,2.451e-19,0.0085101,3.3089e-19,0.029061,3.7644e-19,0.00033011,1.9091e-19,1.8578e-19,0.0041213,0.80863,4.0744e-19,0.0044301,1.9827e-19,1.7526e-19,0.015306
0.050549,1.8497e-19,0.094626,4.031e-19,0.00025578,3.2358e-19,0.011225,4.3684e-19,0.010622,4.3098e-12,7.3681e-06,0.0039169,2.4527e-19,2.8591e-19,0.79152,1.5486e-19,4.0307e-19,0.0015228,2.3138e-19,0.035756
0.047735,1.0897e-19,0.13457,0.0031162,3.4054e-06,1.9062e-19,0.0054582,2.5735e-19,3.3086e-19,7.3524e-17,9.3685e-20,7.4756e-18,1.4449e-19,6.897e-10,0.79027,9.1227e-20,4.9674e-16,0.0001248,1.3631e-19,0.018726
0.10043,1.5829e-19,0.24803,3.4495e-19,0.00023014,5.4331e-18,0.011686,3.7383e-19,0.0050446,0.00010932,1.3609e-19,6.7139e-11,2.0989e-19,2.4466e-19,0.61856,1.3252e-19,3.4493e-19,5.47e-07,1.9801e-19,0.015915
0.098861,1.4379e-19,0.14988,0.012307,0.00033409,0.0012344,0.021968,3.3959e-19,6.8322e-08,0.0061181,1.2363e-19,3.1676e-05,1.9067e-19,2.2226e-19,0.70927,1.2038e-19,3.1334e-19,2.1193e-15,1.7987e-19,4.8485e-11
0.076199,1.28e-19,0.073942,2.7894e-19,4.8484e-05,2.2391e-19,0.012222,3.0229e-19,3.8864e-19,7.4892e-17,1.1005e-19,0.00069,2.2133e-12,1.9784e-19,0.81872,1.0716e-19,3.7111e-08,0.0036348,1.6011e-19,0.014539
0.076544,0.00035248,0.081711,0.016037,4.104e-16,0.00074746,0.0086142,3.9092e-19,0.025335,0.0035739,1.4231e-19,2.4468e-07,2.1948e-19,2.5585e-19,0.78709,1.3858e-19,3.607e-19,1.1976e-15,2.0706e-19,5.9234e-15
0.040652,9.6851e-08,0.2194,3.4098e-19,8.4788e-05,2.7372e-19,0.027277,3.6953e-19,4.7509e-19,4.204e-19,1.3452e-19,9.0675e-05,2.0747e-19,2.4185e-19,0.69242,1.3099e-19,3.4096e-19,2.4088e-17,1.9573e-19,0.020072
0.046859,1.3689e-19,0.15532,2.9831e-19,0.00026785,2.3947e-19,0.0019888,3.2329e-19,4.1564e-19,3.678e-19,0.00018222,0.00011092,1.8151e-19,7.6092e-07,0.7645,1.146e-19,0.0017369,7.2663e-09,1.7124e-19,0.029035
0.050515,1.5783e-19,0.080611,0.010702,5.7479e-06,0.0010395,0.013997,3.7275e-19,0.0027316,0.0013331,1.357e-19,2.1507e-19,2.0928e-19,2.4396e-19,0.83902,1.3214e-19,3.4393e-19,4.5458e-05,1.9743e-19,2.8518e-10
0.05869,1.4345e-19,0.065676,0.0088879,0.00024066,3.8872e-17,0.0071318,3.3878e-19,0.068853,0.0036924,1.2333e-19,7.3716e-11,1.9021e-19,2.2173e-19,0.77797,1.201e-19,3.1259e-19,3.668e-07,1.7944e-19,0.008857
0.079311,9.6945e-20,0.155,2.1126e-19,0.00039958,1.6959e-19,0.011103,2.2895e-19,2.9435e-19,2.6047e-19,0.00067906,0.0012929,1.2855e-19,5.1262e-18,0.71793,3.201e-17,4.3155e-07,1.4094e-08,1.2127e-19,0.034285
0.054441,1.5099e-19,0.049309,0.0028132,1.3422e-14,2.6413e-19,0.011903,3.5659e-19,0.015978,2.5791e-17,1.2981e-19,0.00025202,2.0021e-19,2.3338e-19,0.84507,1.2641e-19,1.2431e-07,1.3707e-08,1.8887e-19,0.020235
0.11844,8.358e-14,0.10435,1.1398e-16,0.00041372,3.1903e-16,0.014261,3.8633e-19,4.9669e-19,4.3952e-19,1.8162e-14,0.0011156,2.1691e-19,2.0362e-11,0.73965,1.3695e-19,5.6292e-10,1.9674e-14,2.0463e-19,0.021772
0.060629,1.4691e-19,0.099945,0.0119,0.00015128,0.00085938,0.014757,3.4696e-19,2.1035e-11,4.0026e-16,1.2631e-19,0.00094126,1.948e-19,2.2708e-19,0.80068,1.2299e-19,3.2013e-19,0.0053907,1.8377e-19,0.0047447
0.064527,1.5471e-19,0.065885,0.024427,0.0001315,4.9374e-18,0.030395,3.6538e-19,0.025237,1.502e-05,1.3301e-19,2.9043e-11,2.0514e-19,0.0012921,0.77641,1.2952e-19,8.0897e-18,0.00042204,1.9353e-19,0.011261
0.015455,1.3636e-19,0.041879,0.046349,8.4859e-05,2.3854e-19,0.053192,0.0016946,0.25584,0.0038753,1.1724e-19,1.8581e-19,0.00064147,2.1077e-19,0.53796,0.0002012,0.0078457,0.015412,0.00049041,0.019087
0.1029,1.5209e-19,0.096894,3.3144e-19,0.00022149,2.6605e-19,0.023185,3.5918e-19,4.6178e-19,4.0863e-19,1.5756e-09,0.00014065,2.0166e-19,2.3508e-19,0.7429,1.2733e-19,3.3141e-19,2.1523e-19,1.9025e-19,0.033762
0.02225,1.7774e-19,0.078579,0.0087218,6.4372e-05,3.1093e-19,0.0039696,4.1977e-19,0.079301,6.2056e-07,1.5281e-19,0.00037433,2.3568e-19,2.7473e-19,0.80557,1.488e-19,0.0011652,2.5153e-19,2.2234e-19,3.8908e-19
0.074334,2.2012e-19,0.10715,0.0052543,0.00021731,0.0010778,0.033412,5.1984e-19,0.02906,0.0051653,1.8924e-19,2.9994e-19,2.9187e-19,3.4023e-19,0.74432,1.6762e-18,5.7527e-09,3.6978e-14,2.7535e-19,2.0098e-07
0.053202,1.575e-19,0.096224,0.0022075,4.6936e-07,1.8834e-11,0.010198,3.7197e-19,0.0053011,0.0042482,1.3541e-19,2.1462e-19,2.0884e-19,2.4345e-19,0.82283,1.3186e-19,1.4265e-10,2.2289e-19,1.9702e-19,0.0057865
0.10105,1.3481e-19,0.14317,2.9379e-19,0.00024273,2.3583e-19,0.023065,3.1838e-19,4.0933e-19,7.7251e-08,4.6513e-13,0.0012534,1.7876e-19,2.0837e-19,0.69603,1.1286e-19,2.9377e-19,0.0082756,1.6864e-19,0.026914
0.079338,1.1638e-19,0.14404,2.5361e-19,0.00015041,2.0358e-19,0.022096,2.7484e-19,3.5335e-19,3.1268e-19,1.7067e-09,0.0024651,1.5431e-19,1.0882e-14,0.72454,9.743e-20,2.5359e-19,8.3972e-17,1.4558e-19,0.027371
0.028461,1.054e-11,0.090279,0.00027515,0.00012663,2.0675e-19,0.028408,2.7912e-19,3.5886e-19,3.1755e-19,4.8214e-18,1.6105e-19,1.5672e-19,0.00097447,0.82976,9.4591e-12,0.00092667,1.6726e-19,1.4784e-19,0.020787
0.033928,1.185e-19,0.13789,2.5825e-19,0.00045315,2.073e-19,0.03604,2.7986e-19,3.5981e-19,3.6359e-10,3.7567e-15,0.0011154,1.5713e-19,1.8317e-19,0.76862,9.921e-20,2.5823e-19,1.7421e-16,1.4824e-19,0.021961
0.098974,1.2857e-19,0.1006,2.8018e-19,1.5019e-12,0.001068,0.013176,3.0363e-19,3.9037e-19,3.4544e-19,1.1053e-19,0.0007325,1.7048e-19,1.9872e-19,0.77849,1.0764e-19,3.3541e-16,5.4816e-19,1.6083e-19,0.0069666
0.08695,1.6836e-19,0.076326,0.002451,0.0011666,1.8271e-16,0.0053678,6.9102e-05,8.5084e-11,4.5685e-06,1.3368e-05,0.002974,2.2323e-19,0.0022982,0.79534,1.0539e-10,3.6686e-19,0.0018059,2.106e-19,0.025232
0.084086,1.3963e-19,0.074889,0.0010394,0.00012321,2.4425e-19,0.027564,3.2975e-19,0.065823,2.703e-16,2.5379e-10,1.2899e-15,1.8514e-19,2.1582e-19,0.71709,1.1689e-19,0.0065533,1.9759e-19,1.7466e-19,0.022832
0.077299,1.2897e-19,0.080363,2.8106e-19,0.00019798,2.2562e-19,0.015725,3.0459e-19,3.916e-19,7.6323e-14,1.3933e-17,9.898e-13,1.7102e-19,1.9935e-19,0.80511,1.0798e-19,4.1705e-09,1.8252e-19,1.6133e-19,0.021305
0.0954,4.9412e-12,0.12415,0.0086134,1.191e-16,0.00053016,0.0095726,3.8411e-19,0.0096766,0.00081763,1.3983e-19,6.4476e-11,2.1566e-19,2.514e-19,0.75124,1.3617e-19,3.5442e-19,2.9965e-19,2.0345e-19,3.5603e-19
0.065976,0.0001153,0.096423,0.0010192,9.2909e-05,2.0928e-07,0.025313,2.6953e-19,3.4652e-19,0.0073042,9.812e-20,1.5551e-19,1.5133e-19,1.764e-19,0.79901,9.5547e-20,9.7063e-12,1.6151e-19,6.9944e-13,0.004746
0.04919,1.0141e-19,0.091961,2.2099e-19,0.00038674,1.774e-19,0.011776,2.3949e-19,3.0791e-19,2.7247e-19,0.00014618,0.00078668,1.3447e-19,1.9142e-17,0.81528,8.4899e-20,1.8353e-05,6.8137e-11,1.2685e-19,0.030451
