0.010349,0.00082004,0.054478,0.14317,0.00066753,0.00048702,0.27463,0.0014122,2.5782e-12,0.023307,0.00017506,0.0056839,0.00045398,0.00099236,0.011426,0.0072177,0.0017396,0.0005684,0.0028099,0.45961
0.018572,0.00035223,0.023235,0.016333,9.5208e-05,0.00046645,0.14482,0.00084283,9.9356e-11,0.0011525,7.6094e-05,0.0010292,0.00083068,0.00039688,0.0028729,0.05132,0.00076984,0.00051027,0.00082472,0.7355
0.064468,0.00023218,0.13688,0.03012,4.3796e-05,0.0003423,0.43963,0.00022631,0.02188,0.0046834,1.7431e-05,4.0788e-19,0.0003703,3.5351e-08,0.00087354,0.021802,2.2603e-19,4.7473e-10,3.0113e-19,0.27843
0.039505,0.0042789,0.055183,0.082287,0.00020392,0.00010351,0.13319,0.00048324,3.6218e-05,3.2169e-05,2.8562e-05,0.0031274,7.0784e-05,0.00021495,0.0007038,0.18098,0.00080582,0.00057984,1.5125e-05,0.49818
0.1284,0.00022831,0.018123,0.0014954,2.9943e-19,0.00030419,0.11816,0.00030271,0.00046543,3.1354e-05,2.1936e-19,5.5731e-06,4.314e-05,0.00095521,4.2583e-19,9.8997e-09,1.2072e-18,0.00051629,0.00087833,0.73009
0.10136,0.00026857,0.0187,3.9581e-13,4.2423e-05,0.0011532,0.12903,4.022e-19,0.00064421,4.7367e-05,0.00046013,0.00042822,4.218e-19,0.00011146,0.0044244,0.0055796,9.2087e-13,0.00021371,9.106e-05,0.73744
0.045531,0.0065982,0.018111,0.0012998,0.00023335,0.0010894,0.015567,0.0006117,4.1046e-19,0.00017891,8.3995e-05,0.00087811,0.001818,0.00031073,0.0016337,0.0010531,3.2841e-19,0.00040046,0.00041907,0.90418
0.043704,0.00028537,0.083701,0.097183,0.0002669,0.0011471,0.33239,9.8467e-06,0.0023262,9.8312e-16,9.3158e-05,6.9216e-15,5.988e-05,4.2708e-05,4.2417e-19,0.026006,0.00016612,6.3751e-05,0.00014276,0.41241
0.088037,0.0001496,0.0091472,0.0030169,2.6988e-19,2.6775e-18,0.18673,7.3501e-05,0.0065823,0.0022731,4.3386e-05,0.0011876,0.00017742,0.0025705,0.018938,0.0025039,0.00030644,0.0017108,0.0061585,0.67039
0.099263,0.00012953,0.20929,0.028016,7.3976e-05,0.00047163,0.22554,0.00047288,0.12588,0.00042088,2.2134e-19,1.697e-06,0.004208,0.00010574,4.2969e-19,0.002906,0.00034148,0.00013934,7.4808e-05,0.30267
0.038435,8.6395e-05,0.01258,0.0010913,0.00010652,0.0025316,0.084717,0.0012247,0.0046802,0.00031444,2.262e-05,0.00042771,3.8e-19,9.3385e-05,0.0089036,0.0066679,4.6854e-07,0.0011006,0.0031069,0.83391
0.044437,0.00026859,0.022498,0.0065556,0.00014849,7.134e-05,0.19248,0.001507,0.010832,0.0025077,5.8607e-05,0.00025496,0.00061021,2.4075e-19,0.001935,0.096528,2.6611e-19,0.00018982,3.5453e-19,0.61912
0.090606,0.00091995,0.098053,4.5834e-15,0.00017182,0.00033139,0.28036,0.00013365,0.074959,0.00022112,1.595e-05,5.4162e-19,0.00056329,2.7153e-19,0.00053958,0.027122,1.7973e-16,0.00088607,1.1367e-18,0.42512
0.12815,0.00025682,0.011873,4.6534e-19,0.0001914,0.00099207,0.0080089,0.00043548,0.015249,0.0013268,1.9651e-19,0.0020376,0.0017803,0.0085957,3.8148e-19,5.5685e-19,0.00015101,0.00094946,0.00117,0.81884
0.035525,0.0024729,0.014606,0.010511,0.00042501,0.00045801,0.10387,0.0063347,2.3012e-10,0.0021284,0.00014435,0.00040173,0.0072734,0.0010846,0.026385,0.0092605,0.00030679,0.00097941,0.0021076,0.77573
0.05405,0.00062523,0.031744,0.019578,7.3806e-05,0.00018306,0.40598,0.0014674,0.0080704,0.001656,2.5948e-05,0.0021024,0.00025933,0.0031259,0.0054116,0.078932,3.2588e-19,8.9551e-15,0.00021119,0.38651
0.11078,0.00030952,0.0070484,3.6947e-17,6.3435e-05,1.167e-05,0.10028,2.6851e-05,0.067283,0.0002185,0.00012667,0.0003268,4.9579e-19,0.00052074,0.0024142,0.0056425,3.1631e-19,0.0006157,0.00026698,0.70406
0.091937,0.0020587,0.1001,0.019908,0.00014699,0.00021581,0.28678,4.4623e-19,0.003246,0.00037944,6.0685e-05,9.8114e-16,0.0011055,4.1271e-05,0.0010521,9.3321e-09,0.00040473,3.7564e-19,1.3454e-17,0.49256
0.063003,0.0014409,0.016978,0.062918,0.00023963,4.2915e-19,0.17997,0.00059226,5.0331e-18,0.00056115,7.0035e-05,5.9811e-19,0.00047546,0.00025847,0.0021575,0.067797,0.00069989,0.00031594,0.0012866,0.60123
0.022353,0.0027029,0.051355,0.017236,0.00017023,0.00011081,0.077109,4.2356e-05,0.0062976,0.0019365,0.00015957,0.0040185,0.0021426,0.0018366,3.7913e-19,0.026241,0.00021716,0.00010632,0.00020251,0.78576
0.040399,0.00036494,0.015701,0.01408,0.00017654,3.5868e-19,0.17183,0.0009493,0.00069642,0.00033031,4.1606e-06,0.0016138,0.002402,0.00029086,0.01799,0.0079012,0.00011529,0.00046123,0.0013533,0.72334
0.070874,5.8142e-05,0.031789,0.00034296,9.5975e-06,0.00029843,0.19553,3.2068e-05,1.3953e-10,0.00024519,5.927e-05,4.0861e-19,0.00036262,0.0002076,3.0662e-19,0.011557,0.00013045,0.00028763,2.3222e-05,0.6882
0.1165,0.002384,0.043809,0.065365,1.0267e-05,0.00024366,0.16746,8.0806e-05,6.759e-08,0.0007482,1.3205e-05,1.8254e-05,0.00036126,0.0015692,0.00097175,0.049496,0.00067773,0.0015857,0.00057731,0.54813
0.1084,0.00028191,0.092087,0.0090348,4.5788e-05,0.0003312,0.33374,1.5018e-13,0.010993,0.0012043,2.2825e-05,9.3952e-05,1.6732e-06,0.00048167,4.0779e-19,0.0055039,0.00024438,3.7887e-19,5.8067e-05,0.43747
0.044197,0.0054576,0.10046,0.043587,6.1147e-05,3.1179e-19,0.43439,0.00049622,0.00015172,0.0015691,6.0668e-05,0.0021882,0.00029798,5.4512e-05,3.2608e-19,0.0027001,0.00026168,8.7765e-11,8.3126e-05,0.36399
0.094478,0.00010549,0.040254,3.9791e-19,0.00030336,0.00020761,0.13978,8.9573e-05,0.021069,0.0023152,8.9213e-05,0.00022347,4.7427e-05,0.0029044,0.00011286,4.7616e-19,2.4089e-19,0.0015532,0.0020965,0.69437
0.073536,0.00057802,0.052691,4.5326e-05,0.00014946,0.00030164,0.3229,4.1191e-19,3.4079e-09,0.00075593,9.2276e-05,1.6368e-14,0.00042883,0.0012012,0.001077,0.0060296,2.9349e-05,0.00053302,1.0901e-15,0.53965
0.083721,6.0943e-05,0.012596,2.5006e-12,0.00011002,2.4578e-14,0.055079,0.00052688,0.040314,0.0015143,4.7442e-06,0.0006735,4.1555e-19,0.004291,0.0049047,0.0023846,8.1444e-05,0.00019472,0.0011272,0.79242
0.04497,0.00018607,0.10962,0.053503,0.00014871,0.00027179,0.30218,0.0027724,0.022857,0.0018776,3.9642e-05,0.001381,2.873e-05,5.3022e-05,8.4992e-05,0.030753,3.3999e-19,0.00021985,0.00013051,0.42892
0.092935,9.2875e-05,0.011473,0.048805,0.0018156,0.0057348,0.0067022,0.0038374,0.0069045,0.0058706,5.2824e-05,0.018211,0.0049216,0.0021084,7.0167e-14,0.010524,3.2302e-19,0.002537,0.0075037,0.76997
0.065513,0.0064953,0.076363,0.032664,0.00012845,2.7508e-19,0.36352,0.0039902,0.0067202,0.00039762,0.00014583,3.8337e-19,3.4199e-05,1.922e-19,0.0004467,0.0076456,2.1245e-19,0.00019153,0.0021454,0.4336
0.05322,0.00097531,0.031875,0.025976,0.00053366,0.001425,0.045051,0.00022828,6.6023e-14,0.00035697,3.0287e-05,0.013376,2.7251e-11,0.00036225,0.017804,0.0019541,0.00022842,0.00024898,0.0021457,0.80421
0.03507,0.0037452,0.086961,0.064039,0.00013511,0.00019974,0.18596,0.0009797,0.10028,0.00025627,3.1648e-05,0.00082431,9.1048e-07,2.5367e-19,0.0027383,0.082176,0.00017041,0.0003971,9.3808e-05,0.43594
0.037061,0.00064638,0.10059,0.018556,0.00017724,3.7236e-19,0.22385,0.00070401,0.00027688,0.00064164,5.715e-05,3.9005e-15,0.00053577,2.6017e-19,0.00064295,0.032805,0.00034979,9.3262e-05,0.0015283,0.58148
0.11619,0.00024603,0.07569,5.433e-19,3.1318e-19,0.00032325,0.20496,0.00027952,1.9847e-13,1.7422e-14,6.6622e-05,0.0012378,0.005465,9.6805e-05,0.00057705,0.010297,5.8007e-13,0.00033883,9.574e-05,0.58413
0.1349,1.7733e-05,0.021134,0.00443,3.8702e-05,0.00039106,0.14975,0.00057591,0.012746,0.021333,1.5169e-05,0.0013391,2.2046e-08,0.0050446,0.0094874,0.011758,0.014346,0.00032244,0.0059701,0.6064
0.088081,0.0013283,0.058684,0.061163,0.00019888,3.0579e-08,0.24923,0.00016961,0.0033091,0.0010803,7.9564e-05,0.00085028,0.0007225,0.00044169,0.0041608,0.0092473,2.9697e-19,0.00047734,0.00104,0.51974
0.1032,0.00013493,0.023837,7.5946e-07,6.1191e-05,0.00095888,0.10707,5.2788e-05,0.0080133,0.00040144,6.6675e-06,0.00042636,6.9055e-14,0.0024402,0.0099078,2.8325e-10,2.5524e-19,0.0014196,0.0036834,0.73839
0.1173,0.037459,0.032948,0.016186,8.5702e-05,0.00026939,0.26685,0.0016612,9.2834e-11,0.00083082,7.788e-05,6.4309e-19,0.00018612,9.7294e-05,0.0018758,0.019354,1.2572e-05,0.00025351,0.00011679,0.50443
0.081372,0.00011432,0.10046,7.2279e-13,2.8278e-19,0.00033122,0.21482,0.00010471,0.18644,3.5624e-07,6.2609e-06,5.3592e-19,0.00012342,2.6868e-19,0.0011761,0.0092155,0.00014973,0.00083282,4.692e-05,0.40481
0.12538,0.00036292,0.071163,0.0027244,2.766e-19,0.00043952,0.22783,7.5685e-05,1.1243e-07,1.0329e-05,8.4341e-05,5.242e-19,0.00060757,0.00043332,0.00023948,0.055762,2.9049e-19,0.00061795,1.8876e-15,0.51428
0.027972,7.4007e-05,0.073311,0.021956,0.0002107,4.5728e-07,0.20052,0.0017897,0.059704,0.00026081,6.5377e-05,6.0605e-11,0.002155,5.115e-05,0.0040461,0.013858,0.00052025,0.00072279,0.0014707,0.59131
0.043352,0.00024244,0.054056,0.024882,0.0001662,0.0001641,0.18153,0.001337,0.0068909,0.00048124,5.9794e-05,0.0021259,2.1239e-05,0.00018502,0.00015548,0.0021861,0.00029312,0.00035375,0.00071478,0.6808
0.060649,0.0014833,0.15283,0.021253,2.593e-05,0.00014755,0.3002,3.865e-19,0.060437,0.00092458,1.573e-05,4.6667e-19,0.00015641,0.0014072,0.0011738,8.2407e-05,0.00019239,2.7127e-10,7.5022e-05,0.39895
0.11578,0.0013283,0.054392,0.0011639,8.3923e-05,0.00015135,0.14334,0.0012343,0.00011926,0.00076044,3.5328e-05,4.9618e-19,0.0015856,0.00019815,4.5627e-17,0.01299,2.7496e-19,9.864e-05,0.00053504,0.6662
0.15274,0.0010977,0.052021,1.5389e-18,0.00013737,0.00020408,0.085138,3.7485e-19,0.077199,0.00011655,2.3591e-05,0.00043155,0.00037734,0.00027771,0.014981,2.8135e-10,9.453e-05,0.001132,0.00092068,0.61311
0.071483,0.0013297,0.073942,0.024082,4.7646e-06,0.00097583,0.18221,6.8225e-05,3.7552e-11,3.805e-08,1.0361e-05,0.0080231,0.0046563,0.00012676,0.00063524,0.034438,0.000147,3.8862e-05,3.3995e-19,0.59783
0.044549,0.00021774,0.0094154,0.014942,0.00010782,0.00048615,0.065305,0.00034216,0.015844,0.00054176,5.5153e-05,0.0023452,0.00043469,6.0111e-05,0.0014256,0.029649,0.000477,0.00093792,0.00048125,0.81238
0.077387,0.00020659,0.02845,6.2592e-09,0.00027013,0.00037427,0.16197,4.601e-05,2.3194e-05,5.0078e-05,5.2211e-06,2.5428e-06,0.00034147,0.00023167,0.00021948,8.2308e-05,6.0504e-05,1.6217e-06,0.00043861,0.72984
0.068191,0.00059055,0.047744,0.00097866,0.00016902,0.00017804,0.35229,0.0020135,0.041044,0.0046302,9.8033e-05,0.0022957,0.0059553,0.0024487,0.01056,0.0092467,0.00017328,4.4895e-19,0.00094126,0.45045
0.067867,0.00036817,0.10954,2.8244e-05,0.00040242,0.00036478,0.30597,4.4361e-19,2.0464e-06,0.0002208,2.9549e-05,5.3563e-19,0.00026368,2.4658e-13,0.00012471,0.019302,0.00024871,3.7343e-19,3.9545e-19,0.49527
0.047385,0.00059935,0.11881,0.030161,0.00013578,0.00014441,0.3312,4.01e-19,0.027409,0.00026993,3.5545e-05,3.4133e-14,0.00054975,0.00055636,0.0014833,0.018032,0.00024602,5.2677e-05,1.6818e-05,0.42292
0.00029466,0.00027609,0.045157,0.39119,0.0011229,0.0040836,0.034359,0.0013991,3.1884e-19,0.0051837,3.6814e-05,0.0062008,0.0020402,0.0012767,0.00031115,0.028005,0.0014236,0.0038972,0.0025826,0.47117
0.114,0.0002301,0.05705,0.0048458,9.6055e-05,0.00050702,0.26714,7.7619e-05,0.017312,0.00078021,2.1603e-19,5.5885e-19,6.9092e-05,2.8017e-19,4.1936e-19,0.0070804,1.5954e-18,0.00047004,4.1259e-19,0.53033
0.0499,0.00013177,0.068747,0.058495,0.00033614,7.7908e-05,0.22756,0.0011292,0.0068344,0.00043525,9.6705e-05,0.00099935,4.8629e-19,2.8069e-19,4.8868e-05,0.013269,6.6788e-05,0.00049398,0.0014577,0.56992
0.070712,0.00019005,0.05829,0.027394,0.00010929,5.4938e-05,0.22991,0.00042449,0.0011103,0.00067336,7.0186e-05,4.9365e-19,0.00057087,0.00020095,0.0060946,0.0023158,0.00016009,3.4417e-19,0.00035271,0.60137
0.06139,0.0017182,0.088817,0.01807,1.6932e-06,0.000195,0.28328,7.8432e-05,0.05234,0.0011512,6.2348e-05,7.0831e-19,0.00041529,0.00043045,0.0045888,0.0051402,0.00021822,0.00049805,0.00018231,0.48142
0.085736,0.0004205,0.24806,0.021029,2.3834e-05,0.00046732,0.20415,0.00017741,0.18717,0.00081051,1.2359e-05,0.00058489,0.00036875,0.0015982,0.00091074,0.00095295,2.1919e-05,3.5436e-11,5.3962e-14,0.2475
0.10616,0.000971,0.10175,0.0025939,3.2008e-19,0.023642,0.3138,8.1526e-05,0.010126,0.0015597,2.7685e-05,6.0661e-19,0.00025932,1.2618e-05,0.0012412,0.011219,3.3615e-19,4.65e-09,7.4228e-06,0.42654
0.069551,0.00069446,0.016741,0.0057533,5.4009e-05,1.6608e-13,0.081236,0.00055446,2.1117e-16,0.00037694,5.725e-05,0.00018601,0.00039402,0.001265,4.5622e-19,0.022228,0.00033187,0.00064725,0.00016097,0.79977
0.11182,0.00045101,0.093874,0.013069,0.00010842,0.00014342,0.17186,5.3194e-05,0.00040051,0.0018034,2.817e-05,1.035e-18,0.00029928,0.00013482,0.004305,0.022423,0.00024522,0.00079271,8.2473e-05,0.57811
0.049086,0.00072527,0.091512,0.0070585,9.9014e-05,0.00029198,0.25766,6.7772e-05,0.030616,0.0016255,2.0761e-19,0.0035276,4.665e-19,0.00048224,0.0014539,0.0086588,2.9763e-19,0.00015233,0.00015147,0.54684
0.032729,8.6387e-05,0.040294,0.020548,4.2716e-05,0.00033296,0.22045,0.00085472,0.00040433,0.0021317,0.00010378,0.0015762,0.00171,3.0431e-19,0.0096098,0.0090064,0.00055485,4.2319e-19,0.0017523,0.65781
0.063118,0.00015658,0.10001,4.2694e-19,3.2563e-05,0.00027715,0.23465,3.8628e-19,0.066257,0.00051272,1.3558e-05,7.2544e-09,0.00035477,5.3926e-05,0.0013872,0.00048797,0.0024869,0.00011353,4.3765e-05,0.53005
0.041101,0.00076626,0.1412,0.023165,0.00015907,0.00050109,0.2894,0.0014146,0.047096,0.0009764,9.0423e-06,6.8264e-10,0.00081225,0.0016211,2.6838e-19,0.039947,0.00038841,0.00048113,0.0001968,0.41076
0.074993,8.8199e-05,0.086954,0.020183,0.00014667,3.6594e-05,0.32513,0.00082729,0.017058,0.00013104,9.9543e-05,3.9608e-19,0.00067049,1.9857e-19,0.0023664,0.00077937,0.00010351,0.00017538,6.9444e-05,0.47019
0.062508,0.00063709,0.0034468,0.064811,0.00078883,0.0013491,0.041202,0.0022045,0.0016559,0.0023337,8.0754e-06,0.013657,0.000395,0.0065744,0.0018199,0.030101,1.9124e-09,0.00063493,0.0012678,0.7646
0.059558,0.00017714,0.020343,3.2582e-05,0.00016246,0.00030781,0.029644,4.3612e-05,0.0043128,0.0020583,4.0783e-05,0.0011526,2.8294e-05,7.1335e-05,0.0039773,0.016248,0.00035596,3.2575e-19,7.8927e-05,0.86141
0.073147,0.00049741,0.0066811,0.0024033,0.00013074,2.0367e-05,0.15262,0.00035393,9.753e-19,0.0027411,2.5808e-05,1.8202e-15,0.0008636,1.2724e-15,0.0017099,0.012529,0.00012455,0.00061111,0.00037135,0.74517
0.12783,0.00028981,0.053022,5.8293e-10,6.8848e-05,9.0927e-05,0.20685,0.00038675,0.0017776,0.00059011,0.00028578,5.7973e-19,0.00077549,0.0011881,4.3503e-19,0.045532,0.0010432,0.00016892,3.2028e-09,0.5601
0.069238,0.00070095,0.096226,0.043132,5.8177e-05,8.8599e-05,0.28881,0.00012551,0.000805,0.00086097,5.0579e-05,5.8516e-06,1.6583e-05,1.3663e-05,4.3806e-19,0.042602,9.3167e-05,0.00057343,1.3882e-05,0.45659
0.086087,0.00022507,0.058514,4.7797e-19,0.00016484,3.7466e-19,0.044059,0.00027737,0.046002,0.001269,2.0184e-19,0.0020562,0.00067482,0.00013844,0.0019475,0.00071188,8.7141e-06,0.0014652,0.0012328,0.75517
0.029849,0.00022048,0.11024,6.8327e-12,0.00014993,0.0010733,0.26504,3.0192e-05,0.13244,0.0017864,4.4011e-05,0.00063762,0.00063582,2.3137e-19,0.0076891,0.0096001,0.00028968,0.0002652,0.0020341,0.43797
0.044349,0.00065043,0.077713,0.025672,0.00024149,0.00035892,0.3309,0.00098069,0.02484,0.0012611,0.00012292,6.0239e-17,4.5926e-19,2.6508e-19,3.9678e-19,0.024136,2.9301e-19,2.329e-07,6.3077e-11,0.46878
0.09883,0.00040787,0.013808,7.5954e-18,6.2585e-05,0.00022117,0.060497,0.00038594,0.0030094,0.00097138,1.9791e-05,0.0002165,0.00023113,2.3003e-19,7.0943e-14,0.029995,0.0013462,0.00013135,0.00028562,0.78958
0.086639,0.00030766,0.048024,3.1514e-08,6.5498e-05,0.00028318,0.34702,0.00071356,0.0090912,0.0025461,3.7952e-05,7.3261e-05,4.3233e-19,0.00053118,0.0014218,0.022244,3.8327e-10,0.00020228,2.3e-09,0.4808
0.056917,8.8579e-05,0.12629,0.022495,3.6218e-19,0.00016702,0.42273,2.6762e-05,0.083504,0.064612,2.6533e-19,0.0039135,0.00012181,0.00012782,5.1508e-19,1.2978e-07,8.3223e-05,0.00045552,3.7618e-05,0.21844
0.0066338,0.00097527,0.063699,0.066843,9.7639e-05,0.00054555,0.27348,2.1324e-07,9.3509e-06,4.2164e-05,3.9636e-05,0.0041109,4.6048e-19,2.6579e-19,3.3848e-05,0.06154,0.00037877,8.7869e-05,2.1354e-12,0.52148
0.037778,0.0003781,0.13303,5.9793e-09,2.117e-19,0.0017545,0.15653,8.5797e-05,0.13432,0.0046487,3.6366e-05,0.00378,0.00053977,0.0035863,0.0098105,0.0058981,0.00027219,5.1368e-14,0.0023694,0.50519
0.032719,0.00034623,0.13273,0.073008,0.00029747,0.00050567,0.19919,7.4336e-05,0.0096581,0.00050503,3.539e-05,0.0056842,0.00021727,0.00076339,0.0033488,0.0027249,0.00015355,4.4044e-19,0.00035883,0.53767
0.06644,0.0011302,0.01611,0.0031434,0.0002725,9.8619e-15,0.10961,0.00039032,3.5893e-19,0.00098339,4.0863e-05,3.2374e-07,0.0004843,0.0012399,0.0079238,0.016726,2.8718e-19,0.00093508,0.0014686,0.7731
0.08089,0.00019694,0.010033,0.00042526,5.7029e-05,0.0010564,0.10987,0.00026301,3.8301e-19,0.00047628,5.8698e-05,0.0035984,0.0020515,0.0014169,0.0059012,0.0081962,0.00043136,0.00097189,0.0029795,0.77113
0.056922,1.7552e-05,0.020424,0.00041523,8.4301e-05,0.0038369,0.057555,0.0010367,8.4766e-05,0.0013239,6.3945e-05,0.0016728,1.0759e-05,0.0014846,3.1393e-05,0.019092,0.002169,0.0011009,0.00030041,0.83237
0.058241,0.0020325,0.044262,0.15219,0.00016038,3.455e-19,0.22078,0.00038918,2.7832e-06,3.6085e-05,1.8613e-19,4.8151e-19,6.3245e-05,0.00010898,2.6207e-06,0.021668,0.00042996,0.001001,2.3457e-09,0.49864
0.050371,0.00019733,0.083192,0.019152,5.0837e-05,6.4604e-05,0.22717,0.00016172,0.0012517,0.001758,6.4962e-05,0.00069509,3.2751e-19,0.0026497,0.0013412,0.020711,0.0001518,2.6288e-19,0.00022345,0.59079
0.062672,9.4907e-06,0.021843,0.0060057,6.2706e-05,0.00018259,0.20633,0.00070649,0.041412,0.0022596,2.7248e-05,3.3224e-05,4.6215e-19,0.0021194,1.3954e-11,0.015208,0.0032953,0.0005915,0.00015637,0.63709
0.095826,0.00030416,0.08932,0.086449,7.8352e-05,0.00015363,0.31008,0.00010263,3.8171e-13,6.2792e-19,3.4708e-05,1.4018e-15,6.9282e-05,5.0587e-05,0.00066726,0.04525,0.00020562,8.3825e-05,4.4076e-19,0.37132
0.056201,0.00064147,0.083179,0.097902,0.00015648,3.4393e-05,0.29616,0.0028987,0.01684,0.0029218,6.1201e-05,0.0017795,5.2662e-19,2.6888e-05,0.00014544,0.020923,3.2695e-06,3.2174e-05,0.0011749,0.41892
0.030227,0.00040541,0.031662,0.00065984,0.00014689,5.7326e-06,0.17039,0.00040647,0.033164,0.00048376,3.5187e-05,0.00042289,3.1933e-05,0.00051233,5.083e-06,0.030148,1.5032e-19,0.00042074,9.7143e-05,0.70077
0.051034,0.00034933,0.13895,1.9781e-05,1.1494e-05,0.0006071,0.27809,0.0001349,0.046778,0.0016499,2.0893e-05,0.0001284,0.0020975,0.00075339,0.0040163,0.004081,0.00024646,0.00027459,0.00010964,0.47065
0.12349,0.0066175,0.01778,0.013889,0.00010181,7.032e-05,0.11492,0.0015916,3.311e-19,0.00043669,1.8303e-05,0.0018196,0.0018207,2.3966e-19,1.8635e-08,0.14541,0.0009537,0.0011357,2.8506e-07,0.56994
0.028089,0.0031457,0.14655,0.011243,2.2039e-19,2.9969e-19,0.22891,0.00018484,0.10813,0.0029291,3.4446e-05,0.0010797,0.00010872,8.536e-05,0.0016399,0.022553,2.3145e-19,2.9119e-19,0.00090545,0.4444
0.057278,0.00045624,0.073266,1.1687e-08,8.295e-05,0.00096692,0.16543,0.0018675,0.017204,0.00070855,3.7543e-05,4.0824e-19,5.8604e-05,0.00071309,3.0635e-19,4.4718e-19,0.00039035,2.8462e-19,5.9303e-05,0.68149
0.070572,0.0013659,0.04598,8.4541e-14,2.1881e-19,0.00031929,0.31486,2.3829e-05,0.00032591,0.00042168,5.3266e-05,3.0952e-12,0.00064624,0.00012326,0.00074361,0.040372,2.298e-19,0.00017926,3.0616e-19,0.52401
0.0908,0.014153,0.019873,0.043206,0.00010408,0.0002793,0.092138,0.0014879,0.012486,3.353e-14,1.748e-19,0.0093786,0.00013715,0.0063318,0.0017742,0.2408,0.005024,0.0014084,0.00013356,0.46049
0.057801,0.00020842,0.027407,1.756e-18,0.00010711,2.5188e-14,0.23738,0.00066126,0.00030884,0.00097333,7.8968e-06,0.00074314,0.0054505,0.00025285,0.00073762,0.0093567,0.0062534,0.013784,7.1049e-06,0.63856
0.017475,2.7182e-19,0.13724,0.0097877,3.5016e-05,0.00071832,0.38714,0.0016945,0.013834,0.0031053,5.071e-05,0.0018862,3.9988e-19,0.00030258,0.0012762,0.04359,2.5513e-19,4.7484e-05,1.8043e-13,0.38182
0.056507,0.0018632,0.033294,0.020549,0.00021079,0.00016771,0.16844,9.1732e-05,0.0039273,0.00099307,0.0001193,1.8717e-07,0.00057973,0.00025781,0.0011947,0.032026,0.00027112,3.1288e-13,0.0016603,0.67784
0.065726,0.00095783,0.047394,9.6661e-14,2.3759e-19,0.00057659,0.23378,0.0003154,0.0085752,0.00045381,4.3878e-05,9.0927e-06,5.9065e-05,2.2574e-19,0.00073973,0.0068194,0.0020969,2.5898e-05,2.9905e-05,0.6324
0.046782,0.00077019,0.022346,0.074068,0.00031494,0.0006829,0.024825,0.00081501,0.00080003,5.5766e-06,9.991e-05,0.0011106,0.0022465,8.4781e-05,0.01214,0.00090894,0.00047855,0.00027141,0.00043704,0.81081
0.031054,1.5663e-05,0.025438,3.1945e-09,2.7155e-05,0.00046355,0.23169,3.7536e-19,0.0016472,0.00070565,2.4831e-05,6.1881e-05,3.0716e-18,0.0011808,9.3157e-05,0.0055462,0.00021415,0.00012684,1.5042e-14,0.70171
0.075341,0.013152,0.042845,2.6163e-07,9.1537e-05,0.00026046,0.13682,0.00025196,0.0004583,0.00096756,4.9183e-07,0.0040734,0.0032579,0.00010167,0.0035274,0.002299,0.00035722,1.3777e-09,0.0001719,0.71602
0.04086,0.00096025,0.047983,0.00069763,5.6288e-05,0.00034439,0.29229,0.0011683,0.013979,0.0006576,6.4872e-05,5.7384e-19,5.8096e-05,2.2841e-05,0.00072641,0.034956,5.1101e-16,4.0007e-19,9.2556e-11,0.56518
0.044577,8.3517e-05,0.035419,6.223e-19,8.9062e-05,0.00023588,0.061709,0.00043675,0.0036454,0.0016223,1.6118e-19,0.00086134,0.0018466,0.00026764,3.3232e-12,0.007253,0.0012131,0.00042448,0.0014435,0.83887
0.035311,0.0010177,0.056795,0.058427,0.00039121,5.2918e-05,0.3728,0.0028123,0.019348,0.0085809,8.0866e-05,0.00031486,0.00012475,0.00028445,0.0002248,1.2139e-16,0.00032843,4.0764e-19,0.00013299,0.44298
0.071989,0.0013213,0.072745,0.031856,0.00014,0.00044036,0.15415,0.00022829,0.0031608,0.00057982,4.7729e-05,3.3003e-16,7.3065e-05,2.6053e-19,3.8996e-19,0.010175,6.0152e-05,7.5507e-05,3.8367e-19,0.65296
0.052806,0.00041443,0.020792,0.0013301,1.3272e-05,2.5771e-05,0.16162,0.00013437,0.0038526,0.093341,3.2451e-05,0.0027411,0.00021649,0.0004509,0.0048386,0.0024646,6.4331e-05,2.8951e-19,0.00022149,0.65464
0.04939,0.00030831,0.16756,0.026374,5.6208e-05,0.00019589,0.41387,8.2417e-05,0.0096831,0.0022441,3.2926e-05,6.0592e-19,1.1439e-07,5.2198e-05,4.5468e-19,0.013145,3.3577e-19,4.2243e-19,4.4734e-19,0.31701
0.043761,0.00022038,0.24256,0.026462,5.8609e-05,0.00060287,0.12949,0.00012193,0.29172,0.00016709,6.9297e-06,0.0024363,0.00042794,0.00077158,5.1774e-19,0.021963,0.00024937,0.00034645,0.0002234,0.23841
0.10291,0.00062972,0.12078,0.0093145,3.7609e-05,0.00014812,0.31297,7.0965e-17,0.012687,0.00011198,1.9029e-19,6.2896e-13,0.0001162,9.5384e-05,3.4744e-05,0.03323,0.00028709,3.432e-19,3.6343e-19,0.40664
0.10947,0.00076554,0.12467,0.0051159,3.0027e-05,0.00010173,0.23209,1.3893e-13,0.00010659,0.0028464,1.2469e-05,6.1651e-19,4.4155e-05,3.0908e-19,2.2435e-05,3.7597e-09,0.00028071,0.00071709,4.5516e-19,0.52373
0.053366,0.0015287,0.047313,0.0032154,2.0767e-19,0.00016096,0.24641,0.00061639,0.011394,0.00035054,7.5053e-05,0.00040916,2.0925e-08,5.1334e-11,0.0020223,0.048742,0.0052449,0.00025051,0.0012405,0.57766
0.074458,0.002546,0.13642,0.3287,0.00025409,0.0029079,0.22948,7.0957e-05,1.1231e-05,0.002358,2.2801e-19,0.00013567,0.0009312,6.7089e-05,2.9598e-14,0.0070628,0.00012846,8.8039e-05,9.4126e-05,0.21428
0.040915,0.00046166,0.050645,0.0076907,0.00012734,0.00025567,0.19782,5.6576e-05,0.0024229,0.0026246,4.2047e-05,2.2697e-12,0.001703,2.321e-19,6.3112e-05,7.0026e-13,0.00049554,3.2277e-19,6.5323e-05,0.69461
0.083051,3.9293e-05,0.037859,0.0092292,0.0002478,3.8893e-19,0.17251,6.4245e-05,0.016343,0.004813,3.0524e-05,0.00080827,0.00012048,0.0010657,0.0023446,0.00015403,0.00027129,0.00025032,0.013754,0.65705
0.041472,0.00077082,0.016679,0.0019638,0.00029472,0.00045996,0.0096733,0.00012943,0.0050294,0.00066771,8.9864e-05,0.00061359,5.8746e-05,1.3625e-05,0.0042339,0.002349,0.00043235,0.00036772,0.00088235,0.91382
0.07299,0.00011364,0.16561,1.0525e-18,0.00057702,6.2934e-05,0.27651,0.00015949,0.058248,0.00037341,3.4664e-06,4.3867e-05,2.0624e-05,0.0003308,4.2215e-19,1.5352e-15,3.1174e-19,5.1621e-13,4.1533e-19,0.42495
0.10714,0.0021376,0.029969,1.0482e-14,0.0002216,4.4225e-19,0.24629,0.00067313,0.037061,0.012689,4.5156e-05,6.1636e-19,5.3535e-19,3.09e-19,0.0039192,0.041507,0.00016024,0.00013704,0.00059889,0.51745
0.080693,0.0017068,0.036782,0.023261,3.1756e-05,9.8942e-05,0.25334,0.00046096,2.8031e-19,1.0163e-05,3.2081e-06,4.0472e-19,0.00030279,0.0026706,0.00071977,0.033254,2.2428e-19,0.00064671,1.4526e-11,0.56601
0.094269,0.0056745,0.011294,0.011113,0.00015023,9.7117e-05,0.21955,0.00035909,5.1576e-16,0.00099616,3.2628e-05,5.8325e-19,5.066e-19,0.00027289,0.00021788,0.021646,3.2321e-19,0.00028687,6.5871e-05,0.63398
0.060397,0.0011235,0.098642,0.071841,6.0115e-05,0.00012578,0.22602,0.0008311,2.5891e-11,0.00091065,5.1077e-05,5.9538e-19,5.1713e-19,1.3071e-05,0.0017821,0.03442,0.00014872,5.7842e-05,4.4582e-05,0.50353
0.068275,0.00045675,0.10867,4.6647e-12,8.9411e-05,0.00020372,0.34049,0.00014738,0.068255,0.00064774,1.2073e-05,5.8485e-17,0.00048,0.0030395,1.0389e-05,0.015198,9.1345e-05,0.00082221,9.1545e-11,0.39311
0.078489,0.0074667,0.0094191,0.0016624,0.00010942,1.1093e-07,0.10866,0.00038736,0.004898,0.0005919,1.1168e-05,4.0181e-11,0.00017291,0.00084574,0.0036672,0.046051,2.8257e-09,0.00048918,0.0050397,0.73204
0.070302,0.00020935,0.17788,0.023803,0.00033751,0.00051442,0.1894,0.00059394,0.0022005,0.00031107,8.5655e-05,4.7832e-05,0.001048,0.00010073,4.9624e-05,2.0671e-16,0.00036961,0.00012452,1.5568e-07,0.53263
0.053992,0.00013912,0.052966,2.1578e-06,5.9095e-05,0.001351,0.1214,0.00028312,0.098165,0.0012527,2.8554e-05,8.278e-08,0.00093796,0.0021266,0.0039281,0.01047,0.00013418,0.00054348,0.00071664,0.65151
0.069703,0.0009673,0.068441,0.031225,0.00020671,2.9621e-19,0.18508,3.357e-05,0.00012437,0.00023971,3.3238e-05,0.007989,0.00080083,0.00025328,0.010092,0.015295,0.00035499,2.8782e-19,1.9444e-06,0.60916
0.083614,0.00028885,0.063126,0.0020127,2.1037e-05,0.00026382,0.1624,0.00014316,6.4727e-07,0.0014965,1.1292e-05,4.9308e-19,0.00022014,0.00079917,0.0012948,0.014477,0.0043248,0.00079064,3.6403e-19,0.66472
0.021525,0.0048398,0.01333,0.22767,0.00057387,5.1489e-07,0.031739,0.00084812,2.6268e-19,0.00036065,1.4661e-19,0.0054549,0.00015076,0.00029348,0.00082274,0.018017,0.00046511,0.0012267,0.001611,0.67108
0.08974,0.0026272,0.012465,0.011617,0.00024122,6.7711e-05,0.14307,0.00028461,0.0020486,0.00037755,1.722e-05,4.6851e-19,0.00060967,0.00038004,7.3676e-13,0.031188,0.00020892,0.00074857,9.977e-05,0.70421
0.042808,0.00010787,0.11376,0.058206,9.5885e-05,1.7927e-11,0.2897,4.6722e-19,0.097397,0.00036819,2.5865e-05,5.6414e-19,0.00028146,4.9677e-14,3.9881e-06,0.0094879,0.00022052,0.00014436,4.1649e-19,0.38739
0.075963,0.001016,0.035633,0.00024838,5.0104e-05,0.00013556,0.078303,5.2453e-13,0.015613,0.00066097,0.0001251,0.0002595,0.00099968,0.00034854,0.0075544,0.011225,0.00068699,9.5539e-19,0.0010449,0.77013
0.012691,0.00028273,0.081192,0.17558,0.00014389,0.00052142,0.17307,0.0063767,0.0073956,0.0047306,3.7463e-05,0.004958,1.9324e-05,0.00097075,0.00040862,0.090062,2.3876e-19,1.2469e-05,2.982e-05,0.44152
0.033892,0.0031272,0.10554,2.7839e-06,0.00026211,3.7834e-19,0.28389,0.00044515,0.0066745,0.0023246,9.4672e-05,3.6272e-18,0.0036248,2.6435e-19,0.0060279,0.011643,0.0001734,0.00024109,0.00049943,0.54154
0.090635,0.0001515,0.024457,0.006521,0.00019683,0.00016734,0.042245,7.6056e-18,4.1164e-06,0.00074107,1.5228e-05,0.0061862,4.0899e-05,0.00059115,0.0014547,1.4822e-17,3.0415e-05,7.4295e-05,0.00069177,0.8258
0.088766,0.00017276,0.026285,2.6076e-06,8.8595e-05,3.3218e-19,0.10372,0.00043832,1.1259e-14,0.00033747,1.7896e-19,0.0043139,0.00019406,0.0042094,0.010712,5.071e-19,0.00032544,0.0017058,0.00086528,0.75786
0.079335,0.00041899,0.15754,3.9756e-05,3.046e-05,0.00027396,0.36889,0.00010101,0.034805,0.0017263,1.895e-05,1.4704e-16,4.9328e-05,2.736e-05,4.2354e-19,0.024692,0.00038545,0.00020415,4.167e-19,0.33145
0.025295,0.0012905,0.15226,0.20876,3.53e-05,0.00010935,0.27587,0.00018575,0.00012116,0.0022322,5.8707e-05,1.5616e-06,0.00055892,0.00011914,0.0024524,2.3808e-13,0.0060285,0.0001822,2.4356e-15,0.32445
0.03848,0.0059591,0.070068,0.39317,0.0008775,0.0011587,0.12557,0.0005208,2.9233e-19,0.002468,1.6316e-19,0.0013819,0.0033378,0.00023169,0.00037044,0.0081297,0.00045584,0.0023479,0.001013,0.34447
0.023566,0.00057163,0.03069,0.0021015,8.0226e-05,0.00062536,0.10667,0.00010024,0.001697,0.00014631,0.00013941,0.0012628,0.0005015,0.00016729,0.00039169,0.011955,0.00017271,2.9711e-19,0.0023951,0.81676
0.090244,0.0002297,0.045303,5.7728e-19,2.4818e-05,0.00019278,0.092642,0.00019604,0.0026029,1.3975e-07,3.686e-05,6.3066e-19,0.00057912,4.4133e-05,0.00053599,6.908e-19,3.4948e-19,7.188e-05,4.656e-19,0.7673
0.035409,0.00021655,0.044734,0.020485,8.2448e-05,0.0011648,0.16728,1.1391e-11,3.2237e-05,0.002284,4.5269e-06,5.4504e-19,5.1507e-05,0.0031312,0.00089827,0.022747,0.00025073,0.00048239,4.0239e-19,0.70074
0.083643,0.0037373,0.036198,0.04568,2.8315e-05,0.00030872,0.20939,8.2028e-05,2.9456e-19,4.9557e-06,2.6603e-05,4.253e-19,0.00063878,0.00053635,0.0011072,0.041684,0.00015869,0.00050244,0.0013616,0.57491
0.12054,3.4642e-05,0.089114,0.00060075,1.8336e-05,0.00012342,0.14083,3.616e-19,0.015772,0.00078008,2.0695e-05,0.00012309,3.7923e-19,0.0024129,3.2763e-19,4.7825e-19,1.7058e-07,0.00053638,1.3654e-09,0.62909
0.046613,0.00061177,0.14143,0.00049331,5.7184e-05,0.00062921,0.23631,0.00082269,0.010509,0.001652,9.297e-05,3.7384e-10,0.0019431,4.2883e-05,0.0052772,0.013067,0.00024384,0.00013614,0.0010091,0.53906
0.12522,0.00029123,0.008151,0.00089759,2.0674e-05,0.0001401,0.04318,3.9579e-11,3.7833e-16,0.00033319,5.095e-05,0.00079643,0.006379,0.0072229,0.0095321,0.0044885,0.0002069,2.0412e-08,0.0022131,0.79087
0.10143,0.0011275,0.09228,4.8991e-13,0.00014022,0.00010489,0.28499,9.5981e-06,0.00090891,0.0012657,2.8411e-05,0.0018251,5.4469e-19,3.1439e-19,8.6771e-08,0.13696,3.4751e-19,0.00014442,1.6646e-05,0.37877
0.081537,0.0002978,0.070746,0.0051526,4.0864e-05,0.00019498,0.28734,1.9472e-06,0.0060611,0.00075968,4.2613e-05,0.016127,0.0019479,0.00034312,0.00072341,0.0068873,0.00031003,3.7718e-19,1.1942e-16,0.52148
0.093333,0.00056429,0.102,1.1379e-10,2.5272e-19,0.00026006,0.31053,3.565e-18,0.049236,0.0027233,1.8514e-19,4.7895e-19,0.0011742,0.0016124,0.003792,0.0073841,2.1946e-12,0.00014548,3.536e-19,0.42724
0.066531,0.00090425,0.042083,7.8151e-19,3.1139e-19,0.00026737,0.085289,0.00015729,0.044131,0.00019195,2.2884e-06,0.0010061,1.2823e-11,0.00075137,3.3618e-07,6.8669e-11,0.0084586,4.1144e-19,0.00058998,0.74964
0.098416,0.0013652,0.06381,0.033325,0.0098405,0.00010104,0.12346,0.012108,6.7214e-05,0.0013801,0.00030086,5.1424e-12,0.049373,0.00028303,0.0020609,0.054543,0.0004806,5.2902e-06,0.0013953,0.54768
0.078001,0.00028464,0.1376,0.0053987,0.0001224,0.00057656,0.31418,5.2521e-05,0.16754,0.0010944,1.3945e-05,0.0094966,0.00093562,3.9421e-06,4.9229e-19,0.024974,4.469e-05,1.8847e-10,4.8433e-19,0.25969
0.064546,0.00020908,0.039465,0.0030906,0.00017858,0.0088868,0.2089,4.2399e-19,0.0021919,0.00045018,0.00012466,0.0078724,0.00068617,0.0016311,0.0024531,0.0067722,0.0027437,0.001268,0.0015942,0.64693
0.039265,0.0006569,0.067586,0.025437,6.4795e-05,0.00024965,0.19995,0.0001302,0.0056022,0.00060953,4.2671e-05,0.0027211,6.1027e-05,1.8885e-09,0.0010504,0.0094374,0.00037105,3.259e-07,6.2803e-05,0.64671
0.051023,0.0016198,0.081319,0.061453,2.8106e-05,0.00013556,0.19612,4.953e-05,7.7305e-07,0.00018405,7.9121e-05,0.0018199,0.00036246,2.0088e-05,0.001305,0.045417,0.00028802,0.00021839,1.0015e-05,0.55855
0.06525,4.4378e-05,0.0092049,4.112e-19,0.00036067,0.0010734,0.046506,0.00031688,0.016352,0.001067,1.7365e-19,0.0010102,7.2977e-05,0.00084714,0.0047133,0.0012781,0.0025739,0.00043161,6.0614e-05,0.84884
0.038958,0.00048667,0.054283,0.035114,7.4435e-05,3.2164e-19,0.28225,0.002242,2.2071e-05,0.0020175,8.3839e-05,8.3341e-05,0.00024537,0.00085894,0.0011009,0.004998,0.00015965,3.1252e-19,0.00058142,0.57645
0.044203,0.0023945,0.028192,0.0054282,0.00012233,0.0005314,0.04079,5.1608e-05,0.0034365,0.00017555,0.00013967,0.00038687,0.0033375,2.3471e-19,1.9243e-11,0.0173,0.00031921,0.00025064,0.00017719,0.85276
0.066718,0.00051293,0.23031,0.017184,1.8357e-05,2.5111e-19,0.20767,0.00058703,0.16097,0.00051111,1.3528e-19,6.0027e-05,0.00095919,0.00024067,2.6262e-19,5.243e-17,1.9394e-19,0.0012581,0.00025325,0.31275
0.066345,0.00020256,0.058749,0.059156,5.0677e-05,5.0281e-05,0.21021,7.2959e-05,2.8771e-05,1.6954e-07,9.081e-05,3.7494e-19,0.0024992,0.002692,0.0022832,0.090095,0.00034501,0.00059476,0.00020709,0.50633
0.03925,0.00012935,0.039314,4.8796e-17,0.00013629,0.00062394,0.11268,8.6397e-06,0.013097,0.0025761,5.0499e-05,0.0009037,0.0053829,0.00059701,0.0019602,0.0024552,6.2017e-05,3.8568e-19,0.00030091,0.78047
0.018608,0.00051834,0.055329,0.027515,0.00047522,0.0010204,0.30166,0.0045261,0.0060684,0.0062345,0.00021372,0.0021621,0.00037246,0.00029507,0.0032814,0.0092343,0.00051002,0.00082118,0.001227,0.55993
0.027034,0.00021028,0.081105,0.039591,0.00043911,0.00026405,0.060014,0.0012119,9.3046e-19,0.0028179,2.3056e-05,0.0086368,1.5801e-16,2.7209e-19,7.2105e-05,0.080417,0.0001799,6.9953e-05,0.0020396,0.69587
0.16852,0.00033159,0.11914,0.0026742,0.00012359,0.00051724,0.16906,0.00044966,8.1058e-06,0.00066946,2.364e-05,6.9436e-10,0.00065839,8.6047e-05,7.581e-17,0.0023333,0.00041864,0.00040518,3.3277e-19,0.53459
0.033917,5.0261e-05,0.084314,0.027742,0.00010527,0.00039368,0.060988,0.0020294,0.017642,0.00016422,0.0011987,0.0079758,0.00048221,0.00089273,0.001991,0.047821,0.00087723,3.0288e-19,0.00080337,0.71061
0.065784,1.9507e-05,0.056591,3.4969e-17,3.3541e-19,0.00016343,0.24888,0.0001778,0.021175,0.0028552,2.909e-05,0.0068705,5.0227e-05,0.00032058,3.1583e-05,6.9628e-19,5.8475e-06,0.00026329,0.00016643,0.59662
0.060404,0.0001175,0.01256,0.016755,0.00039146,0.0015492,0.030628,0.00011619,0.022189,0.0061163,1.1209e-05,0.0028266,0.0023709,0.0013325,0.0015332,0.0035223,0.00042397,0.00020438,0.0037577,0.83319
0.19324,0.00031801,0.06559,4.8744e-19,0.00010577,0.00022654,0.12555,0.00033824,0.0030132,0.00076264,1.0873e-07,5.3251e-19,4.6252e-19,0.00018887,0.00078256,5.8329e-19,0.00097063,0.00066457,3.9314e-19,0.60826
0.13605,0.00083948,0.066712,0.03156,7.2403e-05,0.00012719,0.28113,0.00022402,0.00056252,0.00016013,2.9411e-05,9.3788e-14,3.8918e-19,2.2463e-19,0.0018166,4.3264e-05,0.00018035,4.5018e-05,3.308e-19,0.48045
0.065592,0.00012616,0.014857,2.0872e-12,0.00021402,2.9849e-19,0.09916,0.00013841,5.3043e-07,0.0011156,3.4338e-05,0.0034499,0.0041,2.8599e-05,3.12e-19,0.0053558,2.3041e-19,0.00047644,0.00011505,0.80524
0.076633,0.0014461,0.12646,0.025982,3.7593e-06,0.00029015,0.25598,0.0001562,0.0007066,0.0014113,2.472e-05,0.00047277,4.5524e-05,3.7883e-05,0.00068096,0.014028,0.00014726,3.612e-19,1.08e-05,0.49548
0.11314,0.00098007,0.049753,4.7038e-19,0.00010417,0.00012622,0.14174,0.00078885,4.3971e-07,5.4048e-19,5.3804e-06,1.8526e-10,0.0036132,0.00013356,0.0052389,0.00025741,0.0001278,0.0014628,0.00032516,0.68221
0.081965,4.1073e-05,0.010414,0.0022327,4.2979e-05,0.00056352,0.10329,0.00014983,8.0941e-08,0.00066364,4.6721e-05,0.00064046,0.0036002,0.00050634,0.0034711,1.3919e-08,3.502e-17,0.0013389,0.00040341,0.79063
0.052784,0.0010771,0.081795,0.024629,0.00010071,1.6022e-18,0.2857,4.2453e-19,0.00436,0.00062701,4.3288e-05,5.126e-19,0.00027563,2.5698e-19,0.0002899,4.1849e-05,3.9679e-05,0.00014677,3.7844e-19,0.54809
0.048046,0.00027764,0.12911,0.012713,0.00013341,0.00016674,0.18096,0.00014246,0.054752,0.0019801,3.8315e-05,0.000177,0.00068919,0.00031464,0.0036778,0.033475,4.5053e-05,5.8804e-05,3.2021e-19,0.53325
0.12012,5.8294e-05,0.008154,7.4884e-06,1.3435e-05,0.00071921,0.20504,0.00021411,0.008644,0.00098877,1.2628e-19,3.2669e-19,0.00029034,0.00059995,2.1444e-07,0.0087878,0.0012672,0.00083093,0.0035004,0.64076
0.043628,3.4292e-05,0.092868,0.0034489,6.276e-05,0.0001477,0.2488,0.00027364,0.020831,0.0008077,7.5508e-06,0.0052639,4.2166e-19,0.00025875,0.00060033,0.011078,0.00021848,3.3846e-19,3.1049e-05,0.57164
0.1122,0.00051103,0.013942,0.0038706,6.8068e-05,5.3808e-12,0.11436,0.0012779,7.0392e-15,0.00025523,1.9448e-19,0.00093818,3.9859e-05,0.00033337,0.0081121,0.029646,0.0025186,0.00071607,0.0034373,0.70778
0.060428,0.00024494,0.043123,0.029344,0.00013744,0.0001803,0.15345,6.6257e-13,9.9853e-07,0.00061564,2.57e-05,0.0075401,0.00020801,6.7036e-05,0.00010837,0.0060434,0.00058921,2.5209e-05,0.0018264,0.69604
0.060652,0.00042533,0.12477,0.087193,0.00021885,3.2423e-19,0.18828,0.00051702,0.0016344,0.0018759,1.7468e-19,0.0083493,0.00032191,0.0043619,0.0024734,0.0059154,0.00057179,0.00098717,8.1356e-05,0.51138
0.032815,9.7043e-05,0.33324,0.045845,0.00012929,0.0030679,0.23446,0.0040608,0.22249,0.0040651,1.929e-05,0.017085,1.093e-11,0.00038156,0.00023818,1.4737e-10,0.00050428,1.5495e-17,7.7393e-06,0.10149
0.10565,4.6166e-05,0.017793,1.5265e-18,9.956e-05,0.00068385,0.12132,6.3801e-05,1.2943e-14,0.0013979,1.9405e-06,7.3429e-12,2.9441e-07,0.00069788,0.0015014,2.838e-05,6.3684e-09,0.00037628,3.6744e-09,0.75033
0.024575,0.00091571,0.15135,4.6495e-12,6.2453e-05,0.00038975,0.37182,6.3394e-05,0.033734,0.00059195,2.1579e-19,0.00033868,3.7029e-05,0.00032729,0.00025769,0.0048016,3.0935e-19,2.9318e-06,0.00015698,0.41057
0.10062,0.00041087,0.066816,0.003654,1.3469e-05,5.19e-05,0.32094,0.00018644,0.028948,0.00013685,3.7987e-05,6.9579e-19,0.00020189,3.4882e-19,0.00077649,0.042279,0.0030261,0.00036935,6.0556e-18,0.43154
0.048494,0.0001023,0.075251,0.00089261,8.0288e-05,0.0005415,0.26366,0.00010991,1.3059e-09,0.0020487,1.7576e-19,4.5469e-19,2.9493e-06,0.00048681,0.0047646,9.7143e-16,0.00014437,2.624e-05,3.3569e-19,0.60339
0.1342,0.00070318,0.026809,1.9574e-18,1.7705e-05,0.00069539,0.1567,3.5473e-19,9.599e-08,0.00055119,1.6557e-19,4.2831e-19,0.0017829,1.9159e-10,3.2141e-19,0.0076063,9.2523e-05,0.00025067,0.00013438,0.67045
0.096949,7.4339e-05,0.016449,7.3432e-19,0.00012291,1.516e-06,0.05821,3.641e-05,4.6786e-15,0.00025752,1.3998e-19,0.0028179,0.005067,0.001568,0.0028904,0.010248,2.0067e-19,0.00048555,0.001249,0.80357
0.039629,0.00036221,0.05109,0.0028782,9.6724e-05,0.00061851,0.18402,0.00016746,1.8208e-09,0.00040564,1.9944e-05,3.0859e-10,0.0042691,0.0021125,0.0038026,0.11681,2.9131e-10,0.00038318,0.00041585,0.59291
0.074759,0.00081633,0.040375,4.7562e-06,0.00018224,0.0011103,0.25651,0.0018976,0.0017476,0.0042124,3.4232e-05,0.00016021,0.00071145,0.0023506,0.0026495,0.011425,0.00019047,2.6538e-19,0.00037507,0.60049
0.087212,0.00015506,0.02439,2.6446e-09,0.00016453,0.00019387,0.12189,0.00042466,2.6196e-19,0.00055381,4.383e-05,0.0008489,0.0033903,0.00042507,0.0021035,0.066163,0.00030891,0.00050579,0.0017521,0.68948
0.060524,0.00011889,0.015169,0.042405,0.0007159,0.00098335,0.013525,0.003626,1.1197e-06,0.0027435,0.00011154,0.015161,2.8751e-08,0.002551,0.036421,0.018427,2.7462e-19,0.0030011,0.0029158,0.7816
0.089732,5.5891e-05,0.096571,4.0642e-19,0.00013542,0.00030438,0.25149,0.00013196,0.065756,0.00084394,9.7496e-06,0.0048052,0.0013987,1.6471e-11,0.0021116,2.7092e-07,0.00091043,0.00012283,2.516e-15,0.48562
0.068395,8.5328e-05,0.013966,0.0015781,1.2865e-05,0.00034727,0.15527,2.6698e-05,2.8395e-19,0.00043783,1.3066e-05,0.00064627,0.00014854,0.0021665,0.0081953,0.011634,2.2719e-19,0.00091962,7.4382e-06,0.73615
0.094184,0.00055814,0.06242,0.0026709,0.00043732,0.00029264,0.18205,0.00078771,0.0030168,0.0020959,9.1115e-05,2.9587e-14,0.00016163,0.0012039,0.0042626,0.014124,9.3191e-05,7.8156e-05,4.3448e-05,0.63143
0.079697,0.00093592,0.006913,0.0060125,0.00016577,6.8483e-05,0.22007,0.00020342,0.0028431,0.00069629,2.7336e-05,0.00018257,0.00026814,1.8983e-19,0.00070906,0.06777,2.0983e-19,9.3669e-05,2.4934e-05,0.61332
0.049872,1.6762e-05,0.030237,0.00040525,5.8705e-05,0.00013531,0.15674,0.00024109,0.0031206,0.0027831,4.6639e-06,0.002103,0.00086392,0.00086714,0.0033109,0.036712,0.0034716,2.2577e-19,0.00067523,0.70838
0.11055,0.00020814,0.021251,3.0983e-15,1.3936e-05,9.4296e-05,0.13904,1.4089e-18,0.0098977,0.00082981,6.9085e-06,0.0023547,0.0016481,0.0023304,0.0055488,2.0594e-13,2.3795e-08,0.0013147,3.0914e-19,0.7049
0.079222,0.0020906,0.093727,0.074737,2.6957e-05,0.00018436,0.28809,5.2908e-19,0.0082625,0.00048374,4.1907e-05,6.3883e-19,0.00032102,7.0928e-05,0.0062708,0.0053696,5.8158e-05,4.4538e-19,1.3827e-05,0.44103
0.16539,8.1063e-05,0.028322,0.0027093,3.7031e-06,0.00016882,0.12849,0.00015812,0.0051106,0.00044788,2.0667e-19,5.3464e-19,0.0022303,1.5048e-05,7.5277e-06,0.032074,1.3834e-16,1.6495e-14,3.7288e-05,0.63475
