0.013592,0.00068093,0.061031,0.14935,1.0692e-06,0.00049367,0.30012,0.0001362,4.4603e-12,0.016853,9.7487e-05,0.00044657,1.0867e-05,7.5431e-05,0.00011125,0.0041338,0.00044602,5.8454e-05,0.0014518,0.45091
0.022854,0.0001448,0.030116,0.011994,1.048e-07,0.00026489,0.12829,7.7455e-05,1.1534e-13,0.0004001,5.7923e-05,5.6772e-07,3.303e-05,3.5897e-05,0.0002133,0.013399,0.00019502,5.6317e-05,0.0001105,0.79176
0.065402,0.0001237,0.15751,0.025854,7.8256e-06,0.00077696,0.42556,2.3619e-05,0.017507,5.8608e-05,9.4937e-06,4.0384e-19,6.5387e-05,3.0758e-06,8.3424e-06,0.014664,5.3741e-06,1.7562e-06,1.0561e-05,0.29241
0.043094,0.0054655,0.052333,0.08199,9.7242e-06,9.3875e-18,0.12019,9.6002e-05,0.00023437,5.8401e-05,1.017e-05,3.4997e-07,0.00022071,2.0954e-05,0.00045145,0.14428,2.5889e-19,1.4088e-13,7.8171e-05,0.55147
0.13606,0.00020509,0.019366,0.0010757,6.8871e-05,0.00021253,0.077939,0.00011172,6.6682e-09,0.00014345,7.6321e-06,5.7392e-19,0.00024997,3.0624e-06,6.8454e-05,0.0013975,7.8778e-05,8.7896e-15,0.00011833,0.7629
0.10565,0.00027024,0.019464,4.4645e-19,4.1981e-06,0.00024278,0.073309,1.0107e-05,1.2388e-05,1.8352e-05,0.00043105,1.2566e-07,4.6721e-05,7.0106e-06,6.1577e-05,1.2036e-06,3.0448e-05,3.3811e-19,4.4168e-05,0.8004
0.053443,0.0049007,0.015611,0.0025336,0.00027691,0.00016734,0.013485,0.00010202,4.2966e-19,0.00012673,4.2548e-06,1.1396e-16,0.00026166,8.9846e-06,6.9916e-05,6.1774e-19,2.2467e-05,1.8513e-05,4.348e-05,0.90892
0.04651,0.00022314,0.084889,0.09794,1.1946e-05,0.00026733,0.32591,3.6316e-07,0.0019263,0.00019203,7.2475e-05,0.00010922,2.7788e-05,8.3187e-06,1.2607e-05,0.023667,2.8941e-05,1.8392e-05,5.8609e-05,0.41813
0.092593,9.3328e-05,0.003346,0.0031398,1.6961e-07,0.0002934,0.13461,6.737e-06,0.0046576,0.00028473,4.6601e-07,0.00021458,0.00038088,3.6666e-05,0.0002881,4.1156e-05,0.000132,6.1685e-05,1.7811e-05,0.7598
0.10161,9.6431e-05,0.21714,0.022729,7.7384e-05,0.00013786,0.1926,0.00012097,0.13282,0.00015402,4.6625e-06,5.8045e-19,0.00018933,2.1451e-06,9.6156e-06,0.0038803,1.9995e-05,2.3215e-06,3.2124e-05,0.32838
0.043727,4.8979e-05,0.011191,0.0018436,2.0393e-05,9.0629e-05,0.019735,2.4286e-05,0.0027425,7.6307e-05,4.355e-06,0.00021647,0.00010559,2.1787e-19,0.00028487,1.393e-06,7.1768e-05,8.9094e-10,7.8657e-05,0.91974
0.047956,0.00013343,0.025113,0.0053517,0.0001691,8.5062e-05,0.17035,9.8572e-05,0.0077434,0.00024213,4.7504e-05,4.7949e-19,0.00013785,7.5795e-06,5.3763e-05,0.062172,8.3991e-05,2.8513e-05,7.239e-06,0.68022
0.09257,0.00091453,0.10819,1.7212e-16,0.00023967,0.00061032,0.26874,1.8169e-06,0.075727,0.00025315,1.2229e-07,7.9916e-10,4.1927e-05,1.0355e-06,2.336e-06,0.0090127,3.4209e-05,0.00097575,5.0457e-13,0.44268
0.13749,0.00016284,0.0084826,4.7486e-19,7.034e-05,0.00075763,0.0051915,0.00011393,0.017096,0.00015148,7.8911e-06,2.7651e-14,0.00078479,1.9163e-05,9.4283e-05,5.3177e-19,2.9553e-05,3.4695e-05,5.0294e-05,0.82947
0.043354,0.0016131,0.013246,0.013976,2.0434e-19,6.4405e-07,0.13151,1.3553e-05,2.7036e-19,0.00043391,1.2847e-06,0.00016196,0.00032993,1.8591e-19,0.00052004,4.0456e-14,3.2517e-15,9.8957e-10,0.00031326,0.79453
0.056086,0.00026658,0.032428,0.013844,1.0799e-06,0.0005994,0.40442,4.5389e-05,0.0072109,0.00056411,6.86e-07,0.00099014,9.6304e-06,2.9118e-19,2.1743e-05,0.061215,0.00012542,7.9567e-05,3.455e-15,0.42209
0.11762,0.00026928,0.019518,5.2845e-19,9.2263e-05,0.00023633,0.076524,1.5232e-06,0.067435,0.00019167,8.8065e-05,0.00019777,0.00012275,3.224e-05,8.1867e-05,0.00063291,3.8639e-05,2.3582e-05,0.00014254,0.71675
0.095898,0.0015808,0.10203,0.020269,0.00014044,0.00010729,0.25743,7.0177e-05,0.0024613,0.00020645,4.5281e-05,5.409e-19,0.0001896,8.1691e-06,8.6272e-05,0.0042812,8.8111e-05,3.2101e-05,3.7999e-05,0.51504
0.068091,0.00028922,0.013645,0.053687,0.00017108,0.00019188,0.13186,0.00014448,4.3643e-19,0.00017785,5.4851e-05,6.0843e-19,0.00026266,1.5603e-05,0.0008788,0.080645,0.00012926,1.7957e-05,3.4246e-05,0.64971
0.02996,0.0024529,0.053331,0.024856,9.9926e-06,5.0808e-08,0.096231,3.5018e-05,0.0055723,3.5532e-05,1.7859e-05,9.4211e-10,4.3337e-19,1.0369e-05,2.7362e-05,0.0031536,2.9105e-19,4.4063e-14,1.3158e-05,0.78429
0.044001,0.00016655,0.019987,0.0096469,1.9534e-05,0.00010414,0.12159,4.881e-05,2.0947e-14,7.8638e-05,3.7979e-06,3.8622e-05,0.00013539,2.4623e-19,0.00010869,0.00068367,6.5823e-05,1.6722e-15,0.00031866,0.803
0.076649,4.0998e-05,0.035249,0.00052929,0.00014253,0.0001627,0.18129,0.00013431,6.1474e-10,0.00030022,4.4117e-05,4.0849e-19,0.00013101,1.7526e-05,5.6124e-05,0.0047249,8.3837e-05,2.0704e-05,4.2653e-05,0.70038
0.11998,0.0020178,0.026758,0.068891,6.4657e-07,5.1623e-05,0.1362,6.3942e-05,4.1404e-19,0.00018532,1.3027e-07,5.7723e-19,0.00014749,3.2161e-05,5.6692e-05,0.031169,0.00023462,5.838e-05,5.4361e-05,0.6141
0.11173,0.00024469,0.092336,0.010564,2.0362e-05,0.00040769,0.31692,1.8158e-05,0.008251,0.00010512,2.9881e-06,2.3042e-07,8.1585e-05,2.7015e-19,2.8157e-05,0.0059023,2.2212e-05,3.8199e-19,7.9013e-05,0.45328
0.046798,0.0051327,0.099696,0.038607,2.3178e-07,5.4483e-05,0.43895,6.6027e-05,9.6075e-13,0.00029149,3.5722e-06,0.00095446,0.00010768,9.5193e-06,2.8076e-05,3.4049e-10,0.00012791,9.7991e-05,0.00010017,0.36897
0.10132,6.2243e-05,0.040399,4.0135e-19,3.7261e-05,0.00022216,0.13808,2.0721e-05,0.021777,0.00025382,9.521e-06,8.127e-05,4.3567e-05,0.00016855,1.8294e-05,4.4945e-19,2.2242e-05,1.0011e-10,2.59e-05,0.69746
0.075396,0.00050301,0.052959,3.6455e-06,4.236e-05,0.00014844,0.29691,1.9778e-05,5.5014e-09,0.0002544,7.9799e-06,3.0112e-05,9.1978e-05,1.2484e-05,0.00011554,0.0095164,2.4793e-05,0.00011696,2.4865e-05,0.56383
0.091603,3.9132e-05,0.011776,3.2054e-14,2.8574e-05,9.5451e-05,0.051857,3.4507e-05,0.036236,5.2444e-05,3.942e-06,3.0849e-16,4.6433e-05,4.4714e-06,0.00098153,1.502e-07,3.9905e-05,8.0411e-16,0.0001604,0.80704
0.047094,0.0001642,0.11737,0.050513,0.00015694,0.00013024,0.24857,0.0012496,0.019367,0.00098932,2.7913e-06,0.0012363,4.0851e-05,5.6031e-05,3.8038e-06,0.041609,4.4076e-05,4.2876e-19,0.00017402,0.47123
0.11332,3.2415e-05,0.019068,0.050585,2.3438e-07,0.00025483,9.3172e-11,0.00017132,0.0025122,0.00027507,1.9384e-05,0.0015852,1.2783e-05,0.00016003,0.00019396,8.3269e-12,2.1962e-05,0.00045743,8.2759e-05,0.81125
0.067783,0.0049338,0.080665,0.028078,2.7491e-05,2.8343e-19,0.33708,6.2346e-05,0.003369,1.5301e-05,2.7536e-07,3.8583e-19,5.6296e-05,1.2144e-07,1.2751e-05,0.00025286,3.1089e-05,2.6909e-19,3.1218e-06,0.47763
0.063436,0.0010473,0.029907,0.02693,2.6727e-19,0.00019764,0.015567,6.5974e-05,3.5086e-14,9.5404e-05,1.2672e-05,0.0014231,6.1023e-06,0.00010043,0.00026037,0.00043109,2.7475e-05,5.9936e-06,0.00024,0.86025
0.036891,0.0029557,0.090146,0.051345,2.7259e-19,0.00011569,0.17181,9.233e-05,0.10211,0.00021088,1.703e-05,0.00067529,1.0358e-05,7.2821e-05,3.1393e-05,0.067348,5.0335e-05,8.0865e-06,0.00010669,0.476
0.039873,0.00025377,0.093972,0.030581,2.8195e-19,5.9583e-05,0.18827,5.4368e-05,4.072e-07,7.4817e-05,1.3603e-05,1.5171e-06,7.8217e-06,3.4937e-05,1.4041e-05,0.0062478,3.2129e-05,7.3511e-07,6.6133e-05,0.64044
0.11963,0.00019656,0.071014,5.4412e-19,2.3424e-06,9.6942e-05,0.16923,5.0098e-05,1.9805e-06,0.00016563,1.7821e-05,7.0796e-05,6.3343e-05,6.0766e-05,0.00020308,0.0034219,0.0001264,1.0708e-07,0.0001101,0.63553
0.13975,2.8137e-06,0.026517,0.0030475,9.3029e-07,0.00019572,0.13756,8.7502e-05,0.014427,0.036307,2.4138e-05,0.00021452,0.00043607,0.00063401,0.00084762,6.1392e-07,0.0011977,3.2851e-05,0.0035607,0.63516
0.091507,0.00097145,0.061573,0.067007,9.1005e-06,0.00019924,0.21019,5.8986e-05,0.0020131,0.00014001,1.6065e-05,7.0546e-08,2.2846e-05,6.2071e-05,4.5518e-05,0.005782,3.0763e-05,1.1858e-05,0.00014254,0.56021
0.10775,9.3636e-05,0.027932,4.4073e-06,5.1592e-07,0.00018474,0.068961,5.5625e-05,0.0055079,0.0001095,1.8722e-05,1.5898e-16,1.404e-05,6.4531e-05,0.00029147,0.003139,6.8837e-05,2.7125e-05,0.00012905,0.78565
0.12137,0.036034,0.038666,0.020488,4.086e-07,0.0001435,0.24557,5.9754e-05,4.6101e-19,0.00024859,2.1395e-05,6.4271e-19,3.1123e-05,4.2027e-05,0.00031852,0.010238,4.2318e-05,6.9197e-07,0.00010616,0.52662
0.08452,8.7156e-05,0.10403,5.2124e-14,6.1015e-07,9.597e-05,0.18765,7.1006e-05,0.19229,0.0001891,2.2085e-19,5.3518e-19,0.00015739,1.9928e-05,7.4632e-05,0.0099962,0.00013936,0.00011081,6.7351e-05,0.42051
0.12802,0.00050142,0.06036,0.0054969,1.1426e-05,0.00026679,0.22144,8.3578e-05,0.0011137,0.00019459,6.9248e-05,5.2507e-19,0.00031256,5.3882e-05,5.4121e-05,0.027785,0.00010703,4.3195e-05,1.0141e-08,0.55409
0.031501,1.041e-05,0.079378,0.019203,1.8419e-07,0.00020426,0.16666,7.492e-05,0.062186,0.00034746,3.4876e-05,5.8577e-19,0.00013972,2.182e-05,3.2697e-05,6.0409e-19,0.00012526,5.8953e-05,5.8526e-06,0.64002
0.049068,0.0002168,0.058324,0.020785,2.424e-05,3.4734e-05,0.14468,2.6404e-05,0.0052252,5.4907e-05,3.7426e-06,0.00017678,7.9253e-05,1.5383e-05,0.0002523,0.0034536,2.9512e-05,1.2113e-05,9.8529e-05,0.71744
0.063976,0.0017472,0.16202,0.02183,1.4635e-06,0.00026231,0.27726,6.5212e-06,0.062521,0.0003132,3.5747e-06,1.6954e-11,3.898e-19,8.7837e-08,1.1887e-16,0.0048998,2.0911e-05,0.00015453,3.4281e-19,0.40498
0.12265,0.0012615,0.059179,0.003629,2.7058e-19,6.8026e-05,0.096743,0.00026566,0.0019334,0.00011048,1.6613e-05,4.9911e-19,1.0354e-05,4.374e-05,2.5008e-05,0.020688,4.4337e-05,1.7121e-06,7.1863e-05,0.69326
0.15813,0.00096825,0.065154,4.1704e-19,2.0631e-06,0.00019425,0.07089,5.4001e-05,0.075601,0.00016798,2.2664e-05,5.409e-07,1.159e-06,8.6004e-05,8.7422e-05,3.8632e-08,4.7451e-05,8.6342e-05,0.00012189,0.62838
0.076585,0.0011514,0.064383,0.030191,4.5071e-06,4.5991e-05,0.17666,9.1916e-06,3.3956e-09,0.0001736,2.5023e-06,0.00023616,0.00076901,7.6347e-07,0.00017154,0.017228,0.00011218,5.8459e-05,1.7471e-05,0.6322
0.051205,0.00024215,0.011913,0.014312,1.1152e-06,0.00029079,0.066074,0.00010762,0.016103,0.00022449,4.259e-05,2.0859e-19,0.00018189,9.4548e-05,0.00047542,1.0911e-13,8.1571e-05,7.0864e-05,2.8208e-06,0.83858
0.081515,0.00016622,0.0243,1.6615e-09,0.00043361,0.0001345,0.13092,6.5244e-05,9.1772e-05,0.00010824,1.684e-05,1.2629e-07,4.4385e-05,4.5823e-05,0.00011262,3.0347e-06,6.698e-05,6.1244e-07,9.4503e-05,0.76188
0.072574,0.00029693,0.051495,6.665e-10,0.00015813,0.00014299,0.35694,0.00064123,0.046694,0.00081464,2.3097e-06,0.00036914,0.0001856,2.6295e-05,5.175e-06,6.177e-08,5.4569e-05,4.5076e-19,0.00012857,0.46948
0.072218,0.00032626,0.10471,3.0517e-05,0.00019224,0.00029612,0.25975,7.6942e-06,0.00015881,0.0004838,5.2441e-06,1.2051e-05,6.4866e-05,1.6467e-07,8.2022e-14,0.011664,2.4176e-05,8.8967e-05,2.1594e-06,0.54997
0.048889,0.00047016,0.12415,0.026958,0.00013394,0.00010487,0.30062,4.9802e-05,0.027852,0.00030859,1.5742e-05,1.3419e-13,0.00022501,2.338e-05,9.7799e-05,0.017752,8.9784e-05,5.3548e-05,5.2016e-05,0.45216
0.0043185,0.00010985,0.064289,0.35219,0.00014175,3.2149e-05,0.042243,6.1246e-05,9.1169e-06,9.9147e-05,5.5353e-05,5.8992e-11,1.1745e-05,4.888e-05,8.175e-05,0.060406,9.1666e-06,2.1802e-05,9.1098e-05,0.47578
0.12018,0.00020133,0.062995,0.0049935,9.7391e-08,0.00012351,0.24004,3.0492e-05,0.013865,0.00025347,9.1683e-06,5.6225e-19,0.000219,1.9826e-05,1.9408e-05,0.0041376,3.7447e-05,1.6875e-05,8.0246e-05,0.55279
0.053303,6.1193e-05,0.076083,0.066824,3.788e-05,4.2695e-05,0.18414,5.6672e-05,0.0040328,0.00026361,6.7143e-06,0.00066004,0.00023304,8.6666e-07,3.8753e-05,0.017708,1.5489e-05,7.0546e-06,0.000676,0.59581
0.077079,0.0001353,0.062534,0.030763,1.1592e-07,0.00011113,0.2105,3.3604e-05,0.001003,0.00014711,5.6493e-06,6.398e-06,0.00026623,2.1547e-05,5.1157e-05,1.5257e-09,2.095e-05,1.5048e-05,4.4727e-05,0.61726
0.064193,0.0011301,0.091609,0.018158,1.3996e-05,4.4101e-05,0.25777,4.1585e-05,0.04835,0.00015143,7.0918e-06,1.1691e-05,9.3356e-05,3.4864e-19,1.7337e-05,0.0020092,1.1492e-05,2.6741e-05,6.9398e-05,0.51629
0.089151,0.00036431,0.26953,0.014866,2.0771e-07,0.00021495,0.1978,5.838e-06,0.19049,0.00024497,2.0821e-06,1.1957e-11,0.0001045,1.7251e-14,0.00076325,0.003904,7.5856e-05,4.8834e-05,1.1445e-05,0.23241
0.10841,0.0007743,0.095444,0.0040053,2.8408e-05,0.026883,0.28841,5.3134e-05,0.013389,0.00073765,1.2767e-05,0.00013135,0.0003038,2.9942e-19,4.7283e-05,0.0019108,4.2314e-05,2.4391e-06,9.2928e-05,0.45932
0.07629,0.00056605,0.015974,0.0063259,2.3993e-06,0.00013192,0.063577,5.2217e-05,5.1808e-17,0.00012279,7.223e-06,0.00014437,0.00024151,5.3625e-05,0.00015352,0.0042927,3.2646e-05,1.3135e-07,5.1997e-05,0.83198
0.11771,0.00032647,0.089396,0.021837,4.0124e-06,9.5335e-05,0.14971,2.2989e-05,0.0012859,0.00011418,6.4379e-06,2.7761e-14,0.00022791,2.6467e-05,1.8351e-05,0.0019356,1.7271e-05,6.6838e-07,4.465e-05,0.61723
0.052397,0.00048459,0.094029,0.0023265,5.0818e-06,0.00026733,0.23021,7.6974e-06,0.031046,0.00090763,4.425e-08,0.0011327,3.2985e-06,8.2168e-08,3.9608e-19,2.828e-18,2.565e-05,6.1387e-05,1.9726e-10,0.5871
0.037764,1.675e-05,0.035903,0.022704,2.7085e-06,0.00026846,0.21417,9.6989e-06,2.5991e-06,0.00093387,2.4441e-06,0.00010789,9.2297e-05,3.045e-19,5.7707e-09,5.3945e-05,2.2108e-05,7.1314e-05,2.8624e-05,0.68785
0.070548,0.00011747,0.12155,4.3278e-19,2.5477e-19,0.00017125,0.21688,4.8007e-05,0.072132,0.00012012,1.9346e-05,4.6994e-19,3.9234e-19,4.0058e-05,1.7193e-05,3.401e-15,7.6142e-05,5.3015e-06,7.4325e-05,0.51821
0.044089,0.00083835,0.15203,0.023639,2.0959e-09,7.6516e-09,0.25446,3.0431e-19,0.050288,5.6145e-05,1.4957e-19,4.4045e-11,3.6422e-06,9.0581e-08,4.4921e-09,0.025341,2.0322e-19,1.6049e-05,2.6611e-19,0.44924
0.077489,4.3946e-05,0.089795,0.0216,6.4972e-05,9.5173e-14,0.28919,0.00013112,0.016036,2.0965e-05,2.4788e-05,3.9476e-19,0.00048305,1.289e-05,0.00015991,0.0010748,5.9976e-05,3.2917e-19,5.7994e-05,0.50375
0.071727,0.00067495,0.0062418,0.06387,1.7335e-07,0.00036916,0.036515,1.6505e-05,3.0226e-12,0.00040477,1.3067e-08,0.00037324,5.2522e-05,0.00034031,3.8356e-05,0.0098483,2.4831e-19,0.00014579,1.2659e-05,0.80937
0.067979,0.00019313,0.024061,2.7815e-07,3.851e-17,0.00010091,0.035013,3.9751e-19,0.0031039,0.00010545,1.9538e-19,2.5905e-05,3.4514e-06,2.3352e-19,2.3266e-06,4.8826e-19,2.6546e-19,3.302e-19,7.2949e-19,0.86941
0.078461,0.0003761,0.01097,0.0025248,4.1762e-05,2.8682e-19,0.12634,4.4833e-05,2.8006e-19,1.7824e-05,1.2131e-07,3.9044e-19,6.2114e-05,1.9258e-19,9.4453e-05,5.8673e-19,3.8364e-05,2.7231e-19,1.3242e-06,0.78103
0.13216,2.1556e-05,0.057281,8.3075e-10,3.1611e-19,0.00011124,0.18764,0.00010724,0.0014878,0.00016186,0.00038764,2.2951e-15,0.00023911,0.00014706,1.6666e-05,0.039929,0.00012267,6.2727e-05,0.00014604,0.57998
0.071089,0.00067798,0.097616,0.04786,1.8182e-07,0.00015073,0.26234,8.3626e-06,0.00059523,0.00023609,2.7128e-07,6.258e-05,7.9199e-06,2.1574e-05,4.265e-19,0.025,6.6662e-05,0.00019823,9.1839e-06,0.49406
0.095193,0.00014848,0.068828,4.8527e-19,4.7658e-07,0.00023735,0.035752,9.2955e-06,0.045636,0.00029765,5.7747e-06,9.9532e-05,9.7719e-06,2.599e-19,3.9088e-06,3.2316e-13,3.7963e-05,0.00029079,6.9403e-05,0.75338
0.032855,9.4188e-05,0.11889,4.2782e-19,2.292e-07,0.00032445,0.22489,2.8842e-05,0.14318,0.00027729,7.1439e-10,4.0681e-05,1.0375e-05,2.2914e-19,3.4112e-19,0.012234,2.4585e-07,6.7162e-05,1.1265e-16,0.46711
0.048449,0.00048075,0.089742,0.022635,1.7455e-05,0.00042087,0.32159,1.6709e-06,0.021661,0.00023941,7.6541e-05,5.6362e-13,3.7787e-05,1.1101e-05,1.595e-06,0.022318,2.7677e-05,4.9909e-08,3.6603e-05,0.47225
0.10211,0.00023884,0.015103,4.2082e-19,0.00019574,0.00010618,0.031945,4.4488e-05,0.0016367,0.00015041,2.3362e-08,0.00050643,0.000458,8.0242e-05,0.00016383,0.015655,0.00099085,1.6685e-05,9.8295e-05,0.8305
0.089646,0.00019448,0.047768,5.2362e-14,4.287e-07,0.00027863,0.32096,4.2281e-19,0.010129,0.00069476,2.0781e-19,6.0986e-07,0.00018715,5.4339e-07,3.6977e-19,0.0068232,5.5274e-05,0.0001572,3.4857e-06,0.5231
0.057787,4.0233e-05,0.13877,0.014466,1.1708e-07,0.00015224,0.41336,1.163e-05,0.083475,0.069761,9.3368e-07,0.0030189,5.6766e-19,3.7544e-07,4.9927e-19,0.00048171,2.6333e-05,0.00022568,0.00011118,0.21831
0.0091358,0.00080429,0.059687,0.069944,7.9232e-07,0.0010049,0.26833,9.162e-06,4.3325e-13,0.00021091,4.4982e-09,0.00024427,1.9214e-05,1.3901e-17,2.6298e-10,0.051155,2.9636e-19,3.2122e-06,1.4508e-12,0.53945
0.042282,0.00020109,0.15523,1.5696e-11,1.0617e-06,0.0023545,0.13881,1.165e-05,0.14077,0.00038929,1.6568e-19,4.47e-05,3.1328e-06,7.951e-06,3.4278e-19,4.1091e-09,2.2511e-19,4.551e-05,2.9478e-19,0.51985
0.037338,0.00031805,0.12331,0.080921,8.6994e-06,5.9978e-05,0.16394,5.384e-19,0.010357,5.0674e-05,5.6864e-06,8.0943e-05,3.1133e-06,3.1628e-19,1.1815e-08,0.0010634,1.0897e-11,4.4723e-19,2.2667e-05,0.58252
0.071299,0.0010217,0.016746,0.0030979,0.00022919,3.5701e-05,0.052322,0.00019009,3.7195e-19,5.4275e-05,9.672e-05,5.1855e-19,0.00053244,0.00022923,0.00020392,0.013027,0.00010639,5.022e-16,0.00030291,0.84051
0.090058,0.00018186,0.012505,5.1125e-16,1.4678e-05,0.00040807,0.09604,9.7379e-06,4.0307e-19,0.00020425,8.6516e-06,0.00015064,8.8571e-05,5.1217e-07,4.3706e-06,0.0036373,1.3736e-05,8.3524e-05,1.1586e-05,0.79658
0.061952,9.1154e-06,0.022071,2.0721e-06,1.3391e-07,0.0064936,0.044738,2.1238e-05,2.8602e-06,0.00031417,2.827e-07,0.00028245,4.1294e-05,0.0012635,3.0628e-05,7.1066e-19,1.4694e-05,0.00015552,4.0982e-06,0.8626
0.061353,0.0013426,0.048397,0.15542,2.6187e-19,0.00023782,0.16893,1.7975e-05,6.7325e-07,0.00041579,4.8927e-07,9.2817e-06,9.2202e-05,2.3825e-19,1.1252e-11,0.036648,2.7083e-19,5.8473e-05,5.302e-06,0.52707
0.053196,4.6709e-05,0.084156,0.0085646,8.3707e-07,8.2075e-05,0.2221,1.7749e-18,0.00049147,0.00016368,5.5888e-06,0.00058825,6.5192e-06,1.8463e-19,4.8016e-06,0.028402,4.5675e-13,4.7516e-16,2.9266e-06,0.60219
0.067702,3.2544e-19,0.0256,0.003108,2.3399e-06,0.00026055,0.18845,0.00019389,0.04597,0.0013661,3.6768e-10,1.0003e-17,2.6244e-06,2.6504e-19,0.00019869,9.291e-18,2.3198e-05,7.1694e-05,6.4456e-06,0.66705
0.0972,0.00027077,0.079687,0.088306,3.2565e-19,0.00023215,0.26653,5.0434e-19,2.0092e-07,0.00023843,2.4788e-19,1.0346e-11,1.3302e-05,3.243e-06,4.4107e-19,0.052462,7.1697e-05,0.00013308,4.4102e-19,0.41486
0.059355,0.00042277,0.088038,0.090138,9.5316e-06,3.6384e-05,0.29288,1.0715e-10,0.011439,8.643e-05,5.0074e-06,0.00020753,0.00027392,9.2711e-07,2.2361e-16,0.0060025,2.8054e-08,2.4257e-14,0.00039623,0.45071
0.03493,0.00038226,0.044304,5.6976e-05,7.3581e-06,7.1775e-05,0.14387,8.7268e-15,0.033144,0.00010842,6.9537e-06,0.00015924,5.8335e-05,1.3491e-19,5.1492e-06,0.018701,4.233e-05,1.9076e-19,2.9257e-05,0.72412
0.053521,0.00014623,0.13853,0.00021712,4.8418e-06,0.00023175,0.25768,4.5288e-19,0.05262,2.2407e-05,2.8235e-06,7.5273e-05,1.5395e-06,2.6604e-19,2.4138e-08,1.8305e-10,2.1799e-05,3.7619e-19,2.0942e-05,0.4969
0.12938,0.0022201,0.019339,0.012763,5.6436e-07,0.00036944,0.10025,6.4522e-05,3.5086e-19,0.00021027,7.3894e-08,1.6721e-05,4.331e-05,4.6606e-06,8.2959e-16,0.11687,2.1232e-05,4.2654e-05,5.3125e-15,0.6184
0.030456,0.0022884,0.16153,0.0079823,2.2301e-19,8.1828e-05,0.22376,2.8676e-05,0.10471,0.0086554,9.0181e-06,0.00027196,4.9863e-05,8.6401e-08,7.476e-06,0.014564,1.9657e-05,2.5415e-13,0.00087584,0.44472
0.065381,0.00044549,0.076906,1.1165e-09,7.3801e-07,0.00010693,0.14093,3.518e-19,0.015957,9.3692e-05,6.4176e-06,6.031e-08,5.5607e-06,2.0667e-19,2.295e-10,4.3211e-19,2.3493e-19,2.9223e-19,1.1774e-06,0.70016
0.07208,0.00099431,0.045919,6.5341e-16,1.2575e-06,0.00049208,0.3105,1.175e-05,5.2141e-05,0.00023558,8.3357e-07,5.2619e-05,4.2e-05,3.0578e-06,8.6017e-13,0.012045,2.0993e-05,2.4984e-06,1.1841e-12,0.55755
0.097183,0.0098933,0.019123,0.025754,2.5588e-19,1.0595e-05,0.10464,4.3669e-05,0.013147,0.00018056,1.9477e-19,0.00079991,0.00018054,1.3429e-05,2.0384e-05,0.1845,0.00044272,3.2918e-19,6.9763e-06,0.54405
0.064063,0.00016078,0.029304,4.1706e-19,2.4551e-19,3.3267e-19,0.20961,3.3138e-16,0.0017083,2.1056e-05,1.6008e-07,0.0001118,8.8057e-05,4.2352e-06,1.0843e-05,0.0016176,0.00042031,0.015053,2.3415e-05,0.67781
0.019034,2.9605e-07,0.13916,0.0060703,4.7233e-07,0.00019371,0.36863,6.5681e-06,0.016666,0.00037659,1.8978e-19,0.00025886,7.2758e-05,2.2683e-19,3.3769e-19,0.028397,1.5432e-05,4.4541e-05,3.3765e-19,0.42107
0.0628,0.0010335,0.035796,0.022315,1.353e-06,0.00011097,0.13253,6.3241e-05,2.2481e-06,0.00014392,9.1124e-06,4.7462e-05,0.00013086,8.1707e-06,6.8856e-05,0.035668,6.0359e-07,1.2444e-15,9.2682e-06,0.70926
0.068831,0.00082835,0.05169,1.7395e-17,1.5279e-07,0.00057349,0.19351,8.9437e-08,0.0085724,0.00022596,1.7249e-05,1.3035e-09,8.559e-06,9.5076e-08,5.1337e-05,0.004769,1.1062e-15,3.1224e-19,7.0942e-07,0.67092
0.054064,0.00088043,0.025892,0.066868,1.099e-07,8.4622e-05,0.014368,3.2038e-19,2.7866e-07,0.00019915,4.4716e-06,0.0010373,2.5554e-06,4.9939e-07,0.00014329,4.1258e-11,2.1395e-19,8.8317e-19,1.812e-06,0.83645
0.035228,6.0692e-07,0.027205,6.3098e-10,1.3764e-07,8.2283e-05,0.21219,3.7918e-19,2.8934e-06,0.00017317,5.6923e-06,4.3889e-08,4.1354e-05,2.2275e-19,7.9269e-05,1.121e-18,1.793e-05,3.1497e-19,1.3941e-11,0.72498
0.079244,0.011848,0.036006,0.0021079,2.8405e-05,9.6725e-06,0.099443,3.387e-05,7.6171e-09,7.945e-05,3.3543e-07,0.00021508,0.00015203,1.2032e-05,1.3027e-05,3.0866e-06,1.4972e-05,4.7287e-06,1.9397e-05,0.77076
0.043843,0.0011622,0.049968,0.00072608,2.8332e-05,4.7432e-05,0.26811,0.0013416,0.010635,0.0001472,2.3613e-19,0.00014045,0.0001404,6.4336e-06,4.6774e-08,0.030946,3.7556e-05,1.6846e-05,2.4408e-05,0.59268
0.050358,5.7094e-05,0.033755,8.6824e-16,8.6319e-07,0.00027148,0.048647,8.6484e-06,0.0049337,0.00020026,1.7254e-19,3.5757e-09,1.1638e-11,3.2283e-07,4.9826e-05,0.0047271,1.2794e-16,1.7508e-05,1.5879e-06,0.85697
0.040095,0.00083595,0.074751,0.051817,2.9335e-07,0.00027713,0.37768,1.308e-05,0.018379,0.00043839,8.0858e-07,5.909e-19,4.9332e-19,2.9145e-19,4.3389e-19,6.1713e-19,1.0642e-12,4.8619e-05,1.9473e-08,0.43566
0.079171,0.0012811,0.076579,0.046068,1.9901e-05,0.00012956,0.12067,2.9869e-05,0.003939,0.00015084,3.6965e-06,0.00013285,0.00025256,2.6053e-19,1.7689e-05,0.0096538,2.9217e-10,4.6e-06,2.5498e-14,0.6619
0.05769,0.000357,0.019198,0.00094975,5.1038e-06,0.00015143,0.14252,0.00010869,0.004405,0.11474,1.6981e-19,0.00058843,9.4944e-05,2.0296e-19,6.8017e-05,0.0060913,1.4035e-05,2.696e-13,3.1434e-05,0.65299
0.051661,0.00024411,0.18202,0.027923,1.5237e-07,0.00025533,0.40817,1.1027e-05,0.0080531,0.00052723,1.2275e-05,2.5603e-05,2.1487e-06,9.0819e-08,4.4475e-19,6.8409e-08,3.3961e-19,7.7762e-05,4.3951e-06,0.32101
0.046612,8.6362e-05,0.26546,0.012595,2.2839e-05,0.00057628,0.12838,3.5304e-05,0.28915,0.00018566,5.4834e-06,0.00019097,0.0002689,3.4325e-19,8.6318e-06,0.0077247,2.0157e-05,1.9148e-05,6.1967e-12,0.24866
0.10543,0.00060161,0.12556,0.0093449,8.5351e-08,4.5625e-19,0.289,4.1432e-19,0.011551,6.1712e-05,4.794e-07,0.00022548,5.9314e-05,3.8991e-06,3.7844e-13,0.025901,2.6805e-05,3.4416e-19,1.7543e-06,0.43224
0.11254,0.00042869,0.12072,0.0067729,1.7068e-06,0.00012038,0.22867,8.2505e-06,0.0003893,0.00024834,7.1123e-07,2.7069e-05,4.1448e-05,8.7253e-07,1.0775e-17,0.0030815,4.5032e-05,0.00078125,7.2101e-06,0.52611
0.055884,0.001053,0.046093,0.0027038,2.1652e-05,7.3061e-05,0.21517,2.6057e-06,0.013223,0.00038402,7.0035e-06,6.8477e-05,7.6096e-05,5.2903e-07,4.4303e-10,0.023012,3.2969e-05,2.7397e-19,1.3677e-05,0.64218
0.075336,0.0035833,0.13874,0.33828,2.6212e-05,0.00027885,0.17797,4.4329e-05,0.00056358,0.00017603,2.4241e-06,0.00012753,0.00068136,1.5107e-06,1.8488e-05,4.3956e-06,2.6308e-12,3.4536e-05,1.2247e-06,0.26413
0.046394,0.00031198,0.048411,0.0081694,0.00011004,0.00015471,0.17423,2.0634e-05,0.0024157,0.00032391,4.4447e-06,1.227e-15,0.00027554,1.3445e-06,0.00032427,1.2266e-10,2.7206e-05,1.7123e-17,3.3501e-05,0.71879
0.088896,7.955e-06,0.045174,0.0071372,0.00016333,0.00025305,0.14342,0.00029698,0.013138,0.012805,2.2556e-05,1.1752e-14,0.00017639,2.4803e-05,8.6005e-05,5.9633e-05,0.00018992,7.2544e-06,0.01131,0.67683
0.049111,0.00062427,0.018562,0.0030375,7.0057e-05,0.00019737,0.010083,0.00014183,1.6434e-06,0.00021246,1.1223e-05,0.00015821,5.9682e-06,5.0558e-05,0.00014667,4.8602e-19,4.5436e-05,7.4176e-05,3.04e-05,0.91744
0.078102,7.9251e-05,0.19311,5.1894e-19,0.00074019,4.9222e-05,0.27001,7.6839e-05,0.051183,5.0945e-05,1.8373e-05,8.2145e-11,0.00010876,1.6785e-05,4.1377e-19,0.0004098,1.0887e-05,4.7851e-14,3.3386e-05,0.40601
0.11027,0.0021354,0.033165,2.7174e-18,0.00010448,3.3525e-05,0.2385,0.00020998,0.036715,0.0021673,1.9903e-07,5.2297e-07,4.6018e-05,0.00010153,2.9419e-08,1.1433e-08,2.4522e-05,4.3301e-19,1.1625e-18,0.57652
0.080992,0.0015046,0.038799,0.021624,6.8924e-06,0.00013219,0.20298,1.377e-06,3.6824e-15,1.075e-05,4.7702e-07,2.6841e-07,0.00014096,9.0552e-07,6.0328e-06,0.023679,1.6613e-05,2.7731e-19,4.849e-09,0.6301
0.097566,0.0047024,0.016027,0.011647,1.5865e-06,0.00012425,0.18588,7.0381e-05,4.1624e-19,0.00099808,1.3258e-06,5.8029e-19,3.7305e-05,2.8622e-19,1.5822e-17,0.039385,1.2101e-05,4.0472e-19,2.5151e-05,0.64352
0.063477,0.00067327,0.086472,0.082039,1.4362e-06,3.6889e-05,0.19166,1.6608e-05,1.9185e-11,7.7359e-05,7.1862e-06,5.9734e-19,2.7927e-06,8.4419e-06,6.1067e-15,0.021227,3.3493e-19,5.4748e-06,3.3338e-12,0.5543
0.071677,0.00049799,0.12576,2.648e-15,7.9583e-05,0.00062084,0.30785,3.2963e-05,0.072076,0.00029885,1.1263e-05,4.9575e-19,0.00022517,2.4452e-19,3.6402e-19,0.013692,6.2437e-05,0.00049991,3.2656e-05,0.40658
0.082341,0.005956,0.01148,0.0016315,0.00022355,5.655e-05,0.056822,0.00020856,1.7623e-08,9.9754e-05,2.6167e-05,6.4539e-19,0.00022667,4.3726e-05,8.8448e-05,0.049583,0.00033172,4.5013e-19,4.9717e-05,0.79083
0.075412,0.00014271,0.1702,0.026844,5.8578e-05,0.00011222,0.16138,3.2792e-05,0.003123,0.00023848,9.0223e-06,5.0361e-19,0.00023121,8.5795e-07,3.1655e-15,1.9309e-09,4.3686e-05,2.1703e-05,2.2686e-05,0.56213
0.058935,0.00010119,0.057054,2.1956e-12,5.2386e-05,0.0017903,0.097898,3.2985e-05,0.098431,0.00062283,8.6296e-06,4.3702e-19,0.0002023,5.8705e-07,3.2995e-06,0.0072854,9.3887e-05,0.00059857,2.4237e-05,0.67686
0.075146,0.00086375,0.060669,0.028845,8.0646e-06,3.9705e-05,0.15907,3.9443e-06,2.4464e-08,5.462e-05,5.975e-06,4.6605e-05,0.00036064,1.1244e-05,2.2876e-05,0.013904,5.253e-05,6.8395e-05,7.312e-05,0.66076
0.08956,0.00023169,0.064069,0.00039256,1.0275e-07,0.00011637,0.13858,2.2318e-05,4.3252e-06,8.6776e-05,7.0641e-06,4.949e-19,0.00016979,2.289e-05,6.3127e-06,0.020037,2.7749e-19,1.2108e-13,6.1907e-07,0.6867
0.026086,0.0014321,0.0060679,0.22285,4.6417e-07,5.3937e-05,0.027274,5.4634e-06,2.7552e-19,2.5321e-05,1.5851e-19,0.0012547,1.8017e-05,8.6706e-05,2.9855e-05,0.017302,2.1537e-19,2.2996e-05,1.0541e-05,0.69748
0.095125,0.0020555,0.012475,0.011592,0.00038204,0.00018797,0.12629,1.4566e-05,5.3062e-14,0.00018251,6.5133e-07,4.6838e-19,0.0002257,2.9279e-05,4.4122e-05,0.025569,4.1411e-05,3.1501e-05,5.8673e-06,0.72575
0.046636,9.7791e-05,0.12973,0.057995,5.4275e-07,5.6922e-05,0.2698,1.5395e-05,0.094861,6.1843e-05,9.6632e-06,5.6772e-19,9.2787e-13,8.6963e-06,4.1687e-19,0.017833,3.1832e-19,1.0999e-05,4.1683e-19,0.38289
0.080726,0.00065246,0.024969,0.0033787,8.2975e-05,3.2588e-05,0.044248,0.00010204,0.018268,0.00016811,2.5093e-05,2.6692e-07,0.00026446,6.8291e-05,0.00028548,2.663e-16,0.00014169,1.0747e-13,2.2046e-05,0.82656
0.014782,0.00019939,0.077806,0.15342,8.8237e-06,8.216e-17,0.16396,5.1014e-06,0.0048293,8.0108e-05,4.8088e-06,0.0018161,2.5991e-05,1.3795e-05,1.2524e-06,0.081189,1.1233e-05,1.9716e-05,3.1959e-19,0.50183
0.036755,0.0026489,0.11181,1.2128e-05,7.7192e-06,3.8673e-19,0.25248,0.00013177,0.0079645,0.00018389,2.7033e-05,9.5904e-07,0.0032003,5.1126e-08,2.5094e-14,0.0072492,1.4791e-05,3.6717e-19,3.5155e-05,0.57748
0.099815,0.00013103,0.025604,0.0099204,3.7069e-06,6.988e-05,0.038173,2.0749e-05,1.6341e-08,0.00011815,7.7833e-06,0.00014451,4.9282e-05,2.4469e-05,4.5061e-05,6.5443e-19,3.558e-19,3.9628e-06,1.7698e-05,0.82585
0.095485,0.0001143,0.023822,4.0512e-18,3.8247e-05,0.000591,0.053264,2.3781e-05,1.5959e-11,0.00010553,7.7925e-06,2.5443e-07,0.00039357,1.8796e-05,0.00059526,4.8166e-19,0.00032859,8.1947e-13,1.279e-05,0.8252
0.081623,0.0003085,0.17623,3.3577e-07,8.2113e-05,0.00049516,0.36269,8.4406e-05,0.028415,0.00016859,2.8078e-05,0.00011907,0.00012989,2.5891e-05,4.8774e-07,3.9522e-05,0.00032002,3.9408e-19,1.263e-05,0.34923
0.027299,0.0013223,0.15513,0.21961,3.0608e-05,0.00019423,0.23432,1.7853e-05,2.8665e-10,0.0002433,1.8992e-05,1.0635e-18,0.0003375,1.9861e-05,5.0328e-19,7.6725e-11,0.0080343,5.5138e-09,0.00015259,0.35326
0.041433,0.0013762,0.081108,0.37768,3.2408e-06,3.1609e-19,0.11532,4.1886e-05,3.0865e-19,2.3531e-05,1.5956e-05,4.3029e-19,2.6125e-05,4.9372e-07,3.1596e-19,3.5772e-15,2.4126e-19,8.5569e-06,1.2294e-05,0.38295
0.029108,0.00051884,0.026289,0.004782,2.1799e-07,0.0001522,0.11385,0.00011185,6.5706e-06,4.3558e-05,2.1646e-05,2.0273e-06,1.5676e-05,5.3038e-05,0.00016399,0.0017866,4.9814e-17,2.7567e-09,2.7115e-05,0.82307
0.09871,0.00019487,0.050647,5.8205e-19,6.9728e-05,0.00011334,0.079175,2.4313e-05,0.0025717,7.9609e-05,2.6936e-05,6.3204e-19,1.2974e-05,7.2035e-06,6.7991e-05,6.5181e-19,3.5438e-19,4.5473e-10,5.0795e-09,0.7683
0.040444,0.00022454,0.046192,0.021826,2.3896e-07,7.1293e-05,0.11865,2.4482e-05,4.1202e-11,0.00014017,9.1291e-06,5.5264e-19,1.568e-05,2.4904e-05,2.3613e-06,0.025694,3.0987e-19,6.4799e-06,3.1155e-08,0.74668
0.086306,0.0019597,0.037383,0.03757,3.6324e-07,0.00042208,0.18116,5.6472e-05,1.5829e-15,2.1292e-05,1.5422e-05,6.404e-15,1.7616e-11,3.7488e-05,1.1747e-07,0.037548,2.3758e-19,0.0001239,1.0555e-05,0.61738
0.12535,7.7804e-06,0.10132,4.0959e-05,7.9803e-08,0.0001423,0.11247,3.2699e-05,0.014748,0.0054976,1.1043e-05,4.3776e-19,3.6473e-05,1.9357e-05,3.8958e-06,2.6188e-13,5.6559e-05,5.9338e-09,0.00021403,0.64005
0.051495,0.00030691,0.14986,0.0016449,3.2394e-05,4.2393e-05,0.24176,3.1004e-05,0.012362,0.00012465,2.1275e-05,6.5296e-19,6.4372e-06,5.047e-06,4.7946e-19,2.3747e-17,5.1401e-06,7.2446e-08,3.0735e-06,0.5423
0.13383,0.00026434,0.011228,1.1754e-10,1.4084e-07,8.5028e-05,0.039135,4.9179e-05,4.1653e-14,1.6312e-05,2.2777e-05,4.6274e-19,0.00014796,0.00010267,0.00015618,8.2485e-05,1.4518e-05,6.472e-05,2.1544e-05,0.81478
0.10398,0.0010304,0.092549,2.2143e-08,1.4281e-06,2.2249e-05,0.31819,1.9521e-05,0.0011704,9.5589e-05,2.015e-07,0.00036817,9.1885e-06,3.1152e-19,4.6376e-19,0.070948,3.5413e-19,7.5539e-09,4.6371e-19,0.41162
0.08516,0.00022433,0.067676,0.0079161,2.74e-05,0.00012432,0.25725,1.4061e-05,0.0064479,0.00025768,2.3278e-05,0.01476,0.0018124,0.00048272,9.2081e-06,0.010722,3.7531e-05,3.7594e-19,5.6885e-05,0.547
0.09705,0.00054071,0.11055,1.0393e-10,5.7508e-08,7.3117e-05,0.28135,4.0293e-19,0.055244,1.6346e-05,5.9408e-08,4.1927e-11,5.79e-05,2.367e-19,1.0147e-08,0.010774,1.1086e-05,3.347e-19,3.5234e-19,0.44433
0.074221,0.00091682,0.05514,5.488e-19,1.2705e-06,0.00018022,0.0718,7.1304e-05,0.046568,4.3444e-06,2.1019e-05,5.9592e-19,1.2184e-06,4.9745e-05,0.00010515,6.1457e-19,2.2884e-05,6.8691e-13,4.1095e-06,0.75089
0.098536,0.0010202,0.050656,0.03766,0.010717,0.00028584,0.085846,0.010901,1.2064e-13,0.0023078,0.00027224,1.6359e-15,0.054979,0.0014062,0.0011178,0.021741,0.00079786,2.347e-09,6.6225e-05,0.62169
0.078427,0.00028264,0.14323,0.0033337,0.00020158,0.00018708,0.30754,5.0662e-06,0.17702,0.00019356,1.6302e-05,0.0092794,0.00073462,3.1629e-05,2.8811e-12,0.0052343,6.5192e-05,4.5465e-19,8.3667e-06,0.27421
0.070005,5.5388e-05,0.031884,0.0031396,2.5945e-05,0.010753,0.20296,1.1337e-05,0.0045631,0.00026594,1.6945e-05,0.00077653,0.00029808,1.1475e-05,7.9766e-06,1.0512e-18,0.0043232,3.6085e-19,3.1333e-05,0.67087
0.044971,0.00056057,0.068135,0.025054,4.589e-05,0.00040191,0.20953,3.5952e-05,0.0052431,0.00062447,7.7191e-06,1.1711e-11,0.00018741,1.8531e-19,0.0001871,0.0045708,3.5778e-05,4.3577e-10,3.68e-05,0.64037
0.053648,0.00086795,0.074718,0.057578,4.1213e-05,8.2726e-05,0.16127,6.0012e-05,9.2495e-08,0.00014145,3.4472e-05,3.9769e-06,2.3584e-05,8.3285e-08,0.00010936,0.053868,6.8341e-06,5.013e-05,6.0248e-06,0.59749
0.072501,3.0756e-05,0.011747,4.1771e-19,9.4677e-06,0.00012162,0.017457,4.6329e-06,0.020287,1.4526e-05,4.5339e-07,0.00034218,0.00021322,2.5541e-05,6.3365e-05,4.6777e-19,3.5376e-05,1.067e-16,3.3302e-19,0.87715
0.043417,0.00026606,0.05635,0.0291,1.1426e-06,2.2979e-11,0.26937,1.5302e-05,1.3238e-07,0.00010128,5.3251e-08,5.2776e-13,9.9685e-06,3.5986e-07,1.1491e-16,4.6877e-19,2.5486e-19,2.7004e-05,3.3373e-19,0.60134
0.052991,0.0022631,0.035053,0.0051837,6.0086e-05,2.3996e-05,0.047857,2.3585e-05,3.3571e-05,1.8791e-05,2.0566e-06,7.6183e-05,0.00011235,2.0695e-05,3.6111e-05,0.010738,3.9152e-05,0.00040556,4.1852e-08,0.84506
0.069705,0.00038942,0.26349,0.0077524,8.0434e-06,6.3673e-05,0.18185,3.5153e-05,0.14873,5.5616e-05,1.4535e-19,4.1554e-07,2.8565e-06,1.7373e-19,2.5863e-19,3.6324e-19,5.8082e-05,0.00017771,2.586e-19,0.32768
0.070173,0.00012093,0.05684,0.06541,3.4104e-05,3.8938e-05,0.17831,3.6646e-05,7.9292e-05,2.354e-06,4.7023e-05,3.7575e-19,0.00022743,1.0568e-05,3.9964e-06,0.075085,6.2673e-06,4.2063e-19,2.2864e-05,0.55355
0.045397,9.1609e-05,0.0395,5.16e-19,1.1833e-06,9.1431e-05,0.11139,1.0756e-05,0.012198,7.1481e-05,1.7127e-07,5.6031e-19,1.0389e-05,2.7637e-19,4.3441e-10,5.7784e-19,3.1416e-19,3.9078e-19,3.8883e-12,0.79123
0.022078,0.0001729,0.057779,0.029775,5.3669e-05,8.9544e-06,0.30627,4.4732e-05,0.0059151,0.00041566,3.0084e-05,3.9319e-06,7.054e-19,2.3817e-19,2.9702e-06,1.9364e-17,7.7127e-11,0.0001178,3.3647e-06,0.57733
0.034298,0.00011915,0.074272,0.058547,5.4602e-07,3.087e-05,0.036152,1.759e-05,1.9216e-15,0.0001818,4.133e-07,8.6292e-05,1.3371e-05,2.781e-19,4.1401e-19,0.02447,3.1614e-19,3.9324e-19,4.1397e-19,0.77181
0.17335,0.00022484,0.11025,0.0047849,2.4651e-19,0.00045411,0.14867,3.8177e-19,1.5135e-10,7.3488e-05,1.8764e-19,4.547e-19,0.0002845,2.2427e-19,2.5352e-18,0.0049426,2.5495e-19,3.1713e-19,3.3384e-19,0.55696
0.038532,3.9418e-05,0.073185,0.026565,4.3754e-05,0.00025848,0.05471,8.7587e-05,0.025012,4.8958e-08,0.0010233,6.6722e-16,0.00021937,0.00017508,0.00023172,0.010913,4.8653e-05,1.1916e-05,1.5698e-05,0.76893
0.072795,1.3452e-06,0.067332,5.8387e-19,3.4371e-19,0.00017234,0.27886,6.9401e-06,0.013575,6.855e-05,2.6164e-19,0.0032101,7.0228e-05,3.1272e-19,7.0769e-19,6.5384e-19,2.0544e-05,4.4218e-19,3.3468e-07,0.56388
0.072539,3.394e-05,0.021116,0.017658,0.00010423,5.0653e-05,0.021618,3.5148e-05,0.026805,6.5719e-05,6.6947e-08,3.7224e-19,3.1077e-19,1.9568e-06,3.3434e-16,6.6814e-11,2.0871e-19,1.4934e-05,1.1346e-05,0.83995
0.20267,0.00024014,0.072283,4.9471e-19,2.9123e-19,7.6471e-05,0.10939,4.5104e-19,0.0041466,7.673e-05,2.2168e-19,5.3719e-19,1.1542e-06,2.6496e-19,3.9445e-19,5.54e-19,3.012e-19,8.3771e-05,3.9441e-19,0.61103
0.13556,0.00041308,0.057498,0.025574,0.00011541,0.00012874,0.25013,0.00019697,4.351e-09,9.3857e-05,4.0596e-06,2.2044e-10,1.9209e-05,5.5731e-07,5.362e-11,0.015448,6.6583e-06,5.2926e-06,1.6769e-05,0.51479
0.071981,0.00011037,0.017986,6.9771e-19,0.00010526,4.2269e-05,0.10847,4.0186e-05,6.1888e-09,6.2613e-05,1.712e-19,0.0015144,0.004626,2.8028e-06,9.0323e-09,0.0031572,8.0735e-16,4.5014e-05,3.0797e-05,0.79183
0.079024,0.0015286,0.11834,0.036529,2.5259e-06,5.8862e-05,0.22322,3.3432e-06,0.0010902,0.00010163,1.0571e-06,9.4674e-05,4.1506e-06,3.3302e-07,1.0823e-16,4.4828e-06,2.9108e-19,3.6207e-19,3.7502e-06,0.54
0.12027,0.0006865,0.043215,1.6918e-17,5.8132e-06,6.9123e-05,0.10328,1.9344e-06,5.094e-10,8.714e-05,5.4169e-07,9.6597e-17,2.0434e-05,2.5535e-19,3.4009e-05,3.1212e-08,1.6357e-05,3.6107e-19,2.0992e-06,0.73231
0.09147,2.0549e-06,0.0073446,0.0021515,9.1867e-08,0.0001478,0.080948,4.2445e-19,4.7503e-16,7.2615e-05,2.4377e-07,1.383e-11,2.8152e-05,2.4935e-19,8.3827e-06,5.2134e-19,2.8345e-19,6.5589e-15,3.7116e-19,0.81783
0.056968,0.000702,0.087766,0.025163,7.7691e-05,5.2578e-10,0.28144,3.1483e-05,0.0043508,9.4271e-05,4.759e-07,5.112e-19,3.5983e-14,4.6349e-07,3.7537e-19,0.00014523,9.8138e-06,3.3828e-05,1.1469e-05,0.54321
0.05061,0.00023311,0.13756,0.012642,0.00011558,9.1742e-05,0.15914,3.8569e-05,0.054844,0.0013094,1.4822e-07,7.7322e-08,2.2358e-06,8.0607e-07,1.9563e-13,0.013445,5.8232e-05,8.2144e-05,1.0478e-05,0.56981
0.12506,4.8784e-06,0.010913,4.1781e-12,3.2518e-07,0.00035003,0.18695,2.7567e-19,0.0067556,0.00015609,6.8348e-07,2.5098e-13,2.9575e-05,1.6195e-19,1.3439e-10,6.2137e-19,1.2112e-08,2.9118e-08,6.7895e-07,0.66978
0.047316,4.3617e-06,0.11289,1.7476e-08,8.595e-05,3.8038e-05,0.24901,3.3822e-05,0.012775,6.1093e-05,1.9886e-19,0.0013916,1.3881e-06,2.3768e-19,3.5383e-19,1.6072e-06,5.9666e-06,9.8262e-07,2.3659e-05,0.57637
0.11617,0.00035513,0.012698,0.0030072,9.9956e-05,0.00010229,0.066528,0.00015912,3.6214e-19,0.0024106,4.8634e-06,0.00013494,0.00022872,2.4902e-19,0.0016457,0.020363,0.00071303,4.0148e-14,0.00060582,0.77477
0.067361,6.274e-05,0.040723,0.026892,2.4867e-19,0.00012169,0.12414,4.5127e-15,1.453e-11,5.3567e-05,1.05e-10,0.0003362,3.749e-05,4.2158e-07,1.8383e-05,0.0060772,5.0513e-17,7.9375e-18,3.1627e-05,0.73415
0.064634,0.00018836,0.14086,0.070419,0.0001314,8.3976e-05,0.15693,5.7218e-05,0.003786,0.0001141,2.2463e-07,0.0015202,4.1033e-05,1.1526e-05,2.4154e-06,0.00067312,1.7227e-05,3.6006e-05,2.2104e-05,0.56047
0.038029,2.3326e-19,0.4005,0.036891,0.00021778,0.00019464,0.19622,7.6093e-05,0.24972,0.0015722,2.6071e-06,0.0024475,8.046e-19,1.8997e-19,2.8282e-19,5.6894e-08,5.2546e-05,8.1034e-05,1.1118e-05,0.073975
0.11147,2.9325e-05,0.01632,4.5869e-19,9.9011e-06,0.00042062,0.069005,2.7024e-06,3.9901e-17,0.00019174,4.488e-06,1.1703e-06,1.7806e-05,2.4567e-19,3.2178e-08,1.4268e-17,3.6282e-05,3.4739e-19,1.6919e-06,0.80249
0.028349,0.00091495,0.15905,7.36e-14,4.2479e-05,0.00013716,0.35334,4.7312e-07,0.036042,0.00013488,9.3121e-10,0.00018111,1.6416e-06,4.7798e-05,4.1386e-19,0.0095945,3.1602e-19,1.1146e-08,1.1271e-06,0.41216
0.10059,0.00028204,0.069868,0.0032424,4.5312e-05,5.8987e-16,0.30491,0.0001234,0.028341,7.9754e-06,3.6369e-05,1.487e-07,0.00029126,4.1493e-05,4.855e-05,0.042575,9.4262e-05,4.7589e-19,0.00010544,0.4494
0.051504,6.4689e-05,0.067154,9.4673e-05,0.00023001,4.8249e-05,0.21205,0.00011448,7.739e-10,0.00010739,1.779e-07,7.5236e-15,3.8774e-05,3.2293e-06,5.3157e-11,0.0016588,1.9011e-05,7.1617e-05,1.1571e-05,0.66683
0.13925,0.00063422,0.02217,8.2714e-18,9.9595e-07,0.00025438,0.13289,2.1988e-05,3.9253e-05,0.00019448,2.6345e-06,4.2815e-19,9.6559e-05,2.1118e-19,5.8191e-05,0.0099667,4.8136e-06,4.737e-09,0.00013265,0.69428
0.10564,4.5357e-05,0.013945,3.8698e-19,8.6343e-06,0.00014994,0.028806,1.3178e-05,2.5477e-09,0.00014215,3.2608e-07,1.1301e-07,7.7692e-05,1.811e-19,5.7968e-05,0.0034323,3.2705e-05,4.7745e-06,2.5916e-05,0.84761
0.041723,0.0002598,0.041727,0.0032513,1.9756e-19,0.00014312,0.18551,1.2582e-05,1.2272e-06,0.00019733,3.5507e-07,1.8014e-06,9.0347e-06,1.7975e-19,1.2261e-15,0.072761,8.364e-06,5.7722e-18,8.7467e-06,0.65439
0.079021,0.00041533,0.035873,3.9508e-13,0.0001302,0.0007658,0.227,8.4457e-05,0.0024453,2.3869e-05,4.1296e-05,3.8422e-19,1.2457e-05,4.1676e-06,0.00029722,2.1282e-05,4.4497e-05,2.6797e-19,5.2289e-05,0.65376
0.09423,9.4376e-05,0.019472,1.0388e-07,6.6666e-05,5.8789e-05,0.12466,8.7752e-05,2.7495e-19,3.7914e-05,3.1156e-05,1.2695e-14,0.00018558,8.0604e-06,0.0004538,0.038231,6.8226e-05,4.2101e-17,0.0001271,0.72219
0.069864,0.00010381,0.023107,0.025615,3.945e-05,6.8055e-13,0.00067436,0.00023026,7.1898e-05,0.0001961,3.3723e-05,0.0015595,4.8726e-05,0.00018236,0.0031827,0.00086953,0.00012854,0.00075729,9.7475e-05,0.87324
0.094032,2.5067e-05,0.11271,4.0992e-19,4.0504e-05,0.0006741,0.24931,4.7225e-05,0.065186,0.00024263,3.333e-05,0.0008258,4.172e-07,1.5113e-06,5.7922e-05,1.329e-08,1.5114e-05,3.3074e-09,5.5244e-06,0.47679
0.072039,4.4925e-05,0.0085204,0.0024009,1.9756e-07,0.00029896,0.10303,7.5134e-06,2.9279e-19,0.00016412,1.8894e-07,8.3767e-05,1.572e-05,2.0133e-19,3.4075e-05,0.016797,9.8392e-06,4.0826e-06,3.4533e-05,0.79651
0.099471,0.00045614,0.062862,0.0081264,3.0906e-05,4.5008e-05,0.15804,0.00052389,0.00094994,0.00013482,5.1521e-05,5.2227e-13,0.00015598,4.7862e-06,6.2239e-05,2.7737e-18,8.6981e-05,1.3083e-08,1.0453e-05,0.66898
0.082802,0.0008773,0.013652,0.0049896,2.0305e-19,0.0002324,0.20345,1.6996e-05,2.6867e-19,0.00024311,2.5971e-12,7.0243e-07,3.4136e-05,1.8473e-19,1.7029e-12,0.060267,3.0229e-18,3.3766e-17,2.698e-05,0.63341
0.054741,7.6106e-06,0.020988,0.00020062,1.7991e-19,0.00022565,0.10237,1.5934e-05,0.0059236,0.00014209,8.0202e-07,2.1444e-07,2.0304e-05,1.6368e-19,1.1863e-05,0.0007299,2.7811e-05,4.1034e-17,1.7872e-05,0.81457
