0.022179,1.9872e-19,0.029934,0.02005,0.00015748,7.2371e-13,0.0092527,4.6633e-19,6.0153e-19,0.010202,1.6986e-19,2.6862e-19,2.6109e-19,3.0722e-19,0.89819,1.6476e-19,0.0047906,2.8102e-19,2.1005e-13,0.0052426
0.024465,1.7078e-19,0.084695,0.002672,8.7897e-11,2.9739e-19,0.0038444,4.0076e-19,5.1695e-19,4.5743e-19,1.4598e-19,2.5345e-12,2.2438e-19,0.0015066,0.86617,1.4159e-19,0.0054173,0.0053481,2.1181e-19,0.0058829
0.055064,1.3018e-19,0.084004,0.013382,0.00019309,7.8122e-06,0.0046526,8.6184e-16,0.046737,0.0094305,6.1205e-18,3.7081e-10,1.7104e-19,2.0126e-19,0.78652,1.0793e-19,2.8201e-19,1.841e-19,6.3782e-06,2.8393e-19
0.051546,0.0012071,0.053659,0.029433,1.418e-19,4.0123e-09,0.0058895,3.3571e-19,4.3304e-19,3.8318e-19,1.2228e-19,2.2843e-05,1.8796e-19,0.0011843,0.85706,1.1861e-19,3.0991e-19,2.0231e-19,1.7743e-19,3.1202e-19
0.08994,1.7261e-19,0.17327,3.7585e-19,0.00017296,3.0058e-19,0.011599,4.0505e-19,5.2249e-19,4.6233e-19,1.9654e-08,0.0020278,2.2678e-19,2.6943e-17,0.69764,1.4311e-19,3.7392e-19,6.7938e-17,2.1408e-19,0.025352
0.076537,1.5424e-19,0.14825,3.3585e-19,5.1296e-05,2.6859e-19,0.022065,3.6195e-19,4.6689e-19,4.1313e-19,1.2883e-12,0.00024726,2.0265e-19,4.1647e-17,0.72987,1.2788e-19,0.00012547,0.00048884,1.913e-19,0.022367
0.056586,0.003364,0.10472,9.0211e-10,3.9324e-05,3.6224e-17,0.0066829,4.493e-19,5.7956e-19,5.1283e-19,1.6366e-19,2.8914e-08,2.5155e-19,0.0016877,0.80648,1.5874e-19,2.962e-13,2.4176e-09,2.3746e-19,0.020437
0.047199,1.8449e-19,0.043347,0.026371,2.3451e-16,8.2526e-11,0.017007,4.3292e-19,0.0015194,0.0035832,1.5769e-19,2.4938e-19,2.4238e-19,2.8522e-19,0.85542,1.5296e-19,3.9964e-19,0.0055524,2.2881e-19,1.6983e-12
0.054754,1.5398e-19,0.14628,1.1425e-12,0.0002898,2.6814e-19,0.01888,3.6134e-19,4.6611e-19,4.1076e-15,0.00084838,0.00070073,2.0231e-19,1.0631e-16,0.74524,2.9116e-17,2.6748e-18,2.1776e-19,0.00044121,0.032565
0.053049,1.8646e-19,0.15813,0.02243,0.00015324,8.9959e-10,0.0051981,4.3756e-19,0.16786,4.8115e-08,3.1416e-16,0.00085056,2.4498e-19,2.8827e-19,0.59232,1.546e-19,4.0393e-19,8.8889e-15,2.3126e-19,1.1424e-09
0.047679,1.3317e-19,0.091004,2.8998e-19,6.9494e-19,2.319e-19,0.00023969,3.1251e-19,4.0311e-19,3.567e-19,2.5597e-06,0.00010323,1.7497e-19,0.00097636,0.83038,1.1041e-19,0.0037962,5.6727e-14,1.6517e-19,0.025823
0.030288,1.4953e-19,0.11565,0.0019831,2.9054e-07,2.6039e-19,0.01077,9.8017e-10,4.5262e-19,0.0041635,1.9484e-14,2.5357e-07,1.9646e-19,2.3117e-19,0.83017,1.2397e-19,1.9719e-09,2.1146e-19,0.0013876,0.0055826
0.072407,0.00010307,0.11717,0.0041504,0.00027844,5.9847e-07,0.019671,4.1616e-19,0.081187,7.7917e-10,5.4394e-11,0.00019213,2.33e-19,2.7418e-19,0.70484,6.4032e-17,6.1662e-15,5.2824e-18,2.1995e-19,5.6313e-09
0.092955,1.5293e-19,0.16953,3.3299e-19,0.00025653,2.663e-19,9.8883e-17,3.5886e-19,4.629e-19,4.096e-19,0.00061786,0.00083975,2.0092e-19,0.0010777,0.68628,1.2679e-19,3.3127e-19,0.003843,1.8967e-19,0.044602
0.045242,0.00057285,0.096916,0.0042504,9.1407e-05,0.0036493,0.0072829,1.1163e-08,3.8553e-19,0.0034484,1.0887e-19,7.8759e-08,1.6733e-19,1.969e-19,0.83466,1.056e-19,2.759e-19,7.6598e-07,1.5796e-19,0.0038845
0.042615,2.0504e-19,0.097561,0.0063311,0.00010091,3.5704e-19,0.026343,8.6972e-14,9.6046e-06,0.0010596,2.1239e-16,0.00046672,2.6938e-19,7.8764e-12,0.81961,2.4512e-15,1.153e-06,2.8995e-19,2.3449e-14,0.0059
0.084866,1.8201e-19,0.15426,3.9633e-19,0.00017148,2.0732e-12,0.01433,4.2712e-19,0.022769,1.5356e-13,1.5558e-19,0.00028758,2.3913e-19,2.8139e-19,0.7101,1.5091e-19,2.0412e-18,0.00050839,2.2574e-19,0.012716
0.070624,0.00043943,0.12762,0.011539,0.00022406,0.00038839,0.012656,4.0439e-19,0.018877,1.1475e-05,2.5026e-18,0.002023,2.2641e-19,2.6642e-19,0.7556,1.4288e-19,3.7331e-19,2.437e-19,2.1373e-19,1.6942e-08
0.073202,0.00042986,0.083403,0.014606,9.4044e-06,0.0011929,3.6562e-06,4.4965e-19,5.8002e-19,4.882e-09,1.6379e-19,0.00055508,2.5175e-19,3.425e-17,0.8266,1.5887e-19,4.1509e-19,2.7097e-19,2.3765e-19,4.1792e-19
0.027821,0.00088575,0.069626,0.007305,5.0324e-05,0.0010817,0.010408,3.5375e-19,0.0011633,0.00015158,1.2886e-19,2.0377e-19,1.9806e-19,2.3306e-19,0.88151,1.2499e-19,3.2656e-19,2.1318e-19,8.5527e-16,5.3092e-11
0.045782,1.6456e-19,0.092449,0.0030579,9.5577e-05,2.8656e-19,0.0085742,3.8615e-19,4.9811e-19,5.3401e-16,1.4066e-19,1.3115e-09,2.162e-19,3.3071e-08,0.82991,1.3643e-19,2.1403e-14,0.0045303,2.0409e-19,0.015599
0.065649,1.2296e-19,0.09882,1.3809e-13,2.6032e-07,2.1412e-19,0.0099984,2.8854e-19,3.722e-19,3.0702e-13,1.7666e-19,6.4392e-14,1.6155e-19,1.9009e-19,0.80856,1.0195e-19,2.5259e-11,1.4715e-17,1.525e-19,0.016972
0.05813,0.00073994,0.21456,0.012831,7.3283e-07,2.2195e-14,0.016364,4.3373e-19,5.5948e-19,1.2204e-16,5.958e-11,2.4984e-19,2.4283e-19,0.0029074,0.69447,2.6846e-16,1.4626e-11,2.6138e-19,6.4823e-09,8.7408e-07
0.093936,1.764e-19,0.11498,0.0076758,3.4897e-14,0.0013228,0.012826,4.1395e-19,0.016737,0.0062607,1.5079e-19,9.4213e-16,2.3176e-19,2.7272e-19,0.74626,1.4626e-19,3.8214e-19,2.5889e-19,2.1878e-19,3.8474e-19
0.041947,0.0027706,0.082965,0.01816,1.6894e-12,8.389e-14,0.0044248,3.3365e-19,0.010191,0.00066695,1.2153e-19,0.0022395,1.868e-19,2.1981e-19,0.8335,1.1788e-19,3.08e-19,0.003131,1.7634e-19,3.101e-19
0.080391,1.3177e-19,0.12535,2.8692e-19,0.00041844,2.2946e-19,0.0031566,3.0921e-19,0.0019043,7.9442e-18,0.00025326,0.00065458,1.7312e-19,2.0371e-19,0.76048,1.0925e-19,2.8544e-19,1.0787e-07,1.6342e-19,0.027392
0.076833,1.6485e-19,0.08684,0.0032803,0.00024073,0.0006838,0.015895,3.8685e-19,1.1378e-13,0.0027579,1.4091e-19,3.318e-16,2.1659e-19,2.5486e-19,0.81092,1.3668e-19,2.603e-14,2.6319e-17,2.0446e-19,0.0025524
0.057585,1.3174e-19,0.12362,2.8686e-19,0.00023623,2.2941e-19,0.0056904,3.0915e-19,3.9878e-19,3.5287e-19,0.00060671,1.1242e-07,1.7309e-19,1.2743e-14,0.77536,1.0923e-19,1.5786e-13,0.0027506,1.6339e-19,0.034143
0.052876,2.0692e-19,0.067926,0.016466,4.3941e-12,1.2825e-07,0.0093038,9.677e-16,0.040373,0.0031051,1.7687e-19,0.00014101,2.7186e-19,3.199e-19,0.80981,1.7156e-19,1.5367e-16,2.9262e-19,2.5663e-19,4.5129e-19
0.11875,1.8834e-19,0.067404,0.0051707,0.00065512,4.6388e-07,0.018423,0.0025174,0.0010576,0.00012597,1.5088e-14,0.001529,2.4744e-19,0.000121,0.76656,1.5615e-19,4.0799e-19,2.6634e-19,2.3359e-19,0.017693
0.041688,0.0024314,0.11557,0.012089,4.1093e-05,4.7086e-12,0.016179,1.1144e-07,0.016389,0.011026,1.0277e-19,1.6252e-19,1.5796e-19,1.8587e-19,0.78457,1.5988e-17,5.3448e-06,1.7002e-19,1.236e-05,2.1342e-18
0.076144,0.00020822,0.10182,0.011584,0.00018857,0.00091221,0.0078926,4.0545e-19,5.23e-19,4.6278e-19,1.4769e-19,0.0017455,2.27e-19,0.0021639,0.78388,1.4325e-19,3.7428e-19,0.00221,2.1429e-19,0.011246
0.042888,0.001291,0.062825,0.021397,6.7216e-17,0.00026414,0.0056365,9.8265e-18,0.099547,1.3968e-05,1.4057e-19,3.3539e-13,2.1607e-19,0.0013747,0.76185,5.1417e-18,0.0029092,2.3257e-19,2.0397e-19,4.6257e-11
0.059143,1.7511e-19,0.046746,0.014254,2.9406e-14,0.00020797,0.010121,4.1091e-19,0.0136,7.9312e-07,1.4968e-19,2.367e-19,2.3006e-19,2.7072e-19,0.85593,1.4518e-19,2.2025e-12,2.5252e-12,2.1718e-19,3.8191e-19
0.0567,1.9612e-19,0.1889,0.0013661,0.00018035,1.8201e-15,0.046448,4.6022e-19,0.0057503,1.1338e-17,3.3552e-17,0.00050017,2.5767e-19,3.032e-19,0.69194,4.0213e-18,4.2485e-19,1.9648e-17,2.4324e-19,0.0082186
0.11609,1.8248e-19,0.13375,0.0011865,0.00027043,3.1776e-19,0.018963,2.0858e-14,1.6039e-14,0.0034971,0.00057835,0.001794,2.3974e-19,0.0010131,0.69929,8.0029e-06,3.3287e-05,0.00084108,1.6724e-05,0.02267
0.079802,7.7393e-05,0.1158,0.022632,1.1021e-05,0.0013666,0.011444,4.1823e-19,0.010649,0.00096725,1.5234e-19,7.4389e-10,2.3416e-19,2.7553e-19,0.75724,1.4777e-19,3.8608e-19,7.0568e-06,2.2104e-19,2.9738e-09
0.092856,1.4219e-19,0.12983,3.0961e-19,2.6329e-11,2.476e-19,0.0064388,3.3366e-19,4.304e-19,3.8084e-19,4.1454e-09,8.5969e-05,1.8681e-19,1.9518e-07,0.74141,1.1789e-19,5.965e-17,2.7001e-15,1.7635e-19,0.029372
0.072687,0.030805,0.1741,0.011041,4.4394e-08,4.9535e-13,0.01765,4.8169e-19,6.2135e-19,0.0027475,1.7546e-19,1.607e-13,2.6969e-19,3.1735e-19,0.68584,1.7019e-19,4.356e-18,2.9028e-19,2.5458e-19,0.005136
0.04502,1.6978e-19,0.14135,0.0051198,0.00015843,1.26e-11,0.011478,3.9841e-19,0.17924,0.00088896,8.9867e-18,0.00011118,2.2306e-19,2.6248e-19,0.60711,1.4076e-19,3.6779e-19,1.6912e-10,2.1057e-19,0.009527
0.078477,1.606e-19,0.15692,0.0057635,0.00012162,6.8224e-13,0.019359,3.7688e-19,3.731e-07,0.0021595,1.3728e-19,7.8123e-12,2.11e-19,2.4829e-19,0.73065,6.1235e-19,1.1987e-16,2.2712e-19,1.9919e-19,0.0065499
0.035513,1.8487e-19,0.073562,0.010081,6.7379e-05,3.2193e-19,0.0012165,4.3382e-19,0.046907,7.3482e-14,6.7855e-16,9.982e-17,2.4288e-19,0.00056714,0.80636,1.5327e-19,2.0677e-08,0.00544,2.2928e-19,0.020285
0.057692,2.6393e-16,0.07751,0.010475,1.9547e-19,0.00087214,0.0081451,4.6277e-19,0.0086705,2.088e-10,1.6857e-19,4.2582e-09,2.591e-19,3.0488e-19,0.83313,1.635e-19,4.272e-19,0.0035019,2.4459e-19,4.3011e-19
0.048234,0.00045958,0.095542,0.016777,4.2048e-07,0.0011603,0.012481,3.5798e-19,0.08695,0.00048067,1.3039e-19,1.9101e-11,2.0042e-19,2.3584e-19,0.7379,1.2648e-19,3.3046e-19,1.5909e-05,1.892e-19,5.9703e-07
0.095669,0.00056266,0.1595,0.005443,0.00024896,0.00062457,2.7452e-19,3.691e-19,0.0095943,0.00015196,4.3915e-14,1.9275e-08,2.0665e-19,2.4317e-19,0.7282,8.2495e-17,3.4073e-19,2.2243e-19,3.3939e-14,8.126e-07
0.12605,4.9817e-07,0.15549,8.5795e-19,0.00026563,9.0337e-15,0.0096974,3.3671e-19,0.039038,3.4027e-06,1.2265e-19,0.0015127,1.8852e-19,2.2183e-19,0.64895,1.1897e-19,3.1083e-19,2.0291e-19,1.7796e-19,0.019
0.075744,0.00042107,0.093107,0.02015,1.5396e-19,0.0020761,0.017485,3.645e-19,2.4453e-07,8.5337e-11,1.3277e-19,4.8952e-10,2.0407e-19,2.4014e-19,0.79102,1.2878e-19,3.3648e-19,2.7033e-11,1.9264e-19,7.9492e-15
0.035787,5.5669e-20,0.085047,1.2122e-19,1.7582e-05,9.694e-20,0.010389,1.3063e-19,1.6851e-19,1.4911e-19,3.2531e-11,3.3536e-19,7.3139e-20,8.6064e-20,0.83404,4.6155e-20,0.00023918,7.8724e-20,6.9043e-20,0.034484
0.061891,1.66e-19,0.129,1.8701e-05,0.00016594,4.0467e-11,0.021479,3.8954e-19,5.0247e-19,2.9004e-14,1.4189e-19,2.2439e-19,2.1809e-19,2.5663e-19,0.77886,1.3763e-19,3.5959e-19,9.2914e-09,2.0588e-19,0.0085828
0.043896,2.155e-19,0.12798,0.00092719,0.00036178,3.7527e-19,0.015931,5.057e-19,0.02142,0.0012581,1.4978e-17,0.0030529,2.8313e-19,3.3317e-19,0.75755,1.7867e-19,4.6683e-19,5.1221e-19,2.6728e-19,0.027626
0.059365,1.809e-19,0.1099,0.008653,0.00019368,2.6064e-05,0.014005,4.245e-19,0.027563,8.3194e-10,1.5463e-19,2.2864e-09,2.3767e-19,2.7967e-19,0.7803,1.4998e-19,3.9187e-19,3.1145e-16,2.2436e-19,9.1124e-19
0.048427,1.6228e-19,0.076179,0.017125,3.5481e-08,6.2326e-05,0.0087191,3.8081e-19,0.053395,0.0019452,1.3871e-19,2.4922e-15,2.1321e-19,2.5088e-19,0.79415,1.3455e-19,3.5154e-19,5.6456e-10,2.0127e-19,3.5393e-19
0.01144,1.5063e-19,0.045067,0.053841,0.0005019,2.6231e-19,3.8693e-07,3.5348e-19,4.5596e-19,0.00085373,6.3723e-19,2.0362e-19,1.979e-19,0.004518,0.85874,1.2489e-19,3.2631e-19,3.1757e-18,1.8682e-19,0.025038
0.074868,1.7489e-19,0.15485,0.003817,0.00012583,0.00045193,0.012701,4.1041e-19,0.0056989,0.0087226,1.495e-19,3.2829e-13,2.2978e-19,2.7039e-19,0.73361,1.45e-19,3.7887e-19,5.3717e-06,2.1691e-19,0.0051484
0.058139,1.8438e-19,0.068032,0.021035,8.5332e-17,0.00064099,0.015522,4.3267e-19,0.016593,1.8415e-07,1.576e-19,2.4924e-19,2.4224e-19,2.8505e-19,0.82004,1.5287e-19,3.9942e-19,2.6609e-09,2.2868e-19,4.0214e-19
0.067506,1.6079e-19,0.1053,0.012851,5.0584e-06,0.00020666,0.010236,3.7732e-19,0.012881,3.7169e-09,1.3744e-19,1.231e-06,2.1125e-19,2.4858e-19,0.78783,1.3331e-19,3.4831e-19,0.0031893,1.9942e-19,2.0396e-15
0.059288,1.3452e-06,0.07979,0.0087935,1.6411e-08,2.5352e-07,0.013321,5.3121e-19,0.048421,0.0043692,1.935e-19,3.0599e-19,2.9741e-19,3.4997e-19,0.77996,1.8768e-19,4.9038e-19,0.0059353,2.8076e-19,0.00011742
0.069106,1.5046e-19,0.067778,0.026176,8.1014e-06,8.5473e-10,0.020889,3.5306e-19,0.20273,0.00073045,1.2861e-19,9.7078e-15,1.9767e-19,2.3261e-19,0.59867,1.2474e-19,7.4111e-18,0.012705,1.866e-19,0.0012059
0.059228,2.1071e-08,0.15386,0.0087767,0.00020165,0.017065,0.024111,4.5803e-19,0.02487,0.0082283,1.6684e-19,2.129e-09,2.5644e-19,3.0176e-19,0.70366,1.6183e-19,4.2282e-19,1.92e-06,2.4208e-19,3.2437e-07
0.072266,2.7099e-17,0.10071,0.0022308,0.0001015,1.0076e-07,0.0064659,4.4791e-19,5.7778e-19,2.1655e-09,2.6826e-17,1.2872e-09,2.5078e-19,8.5783e-07,0.8141,1.5825e-19,3.59e-16,2.6993e-19,2.3673e-19,0.0041256
0.084719,3.5692e-17,0.16247,0.015691,8.8488e-08,0.00056243,0.0093214,4.6374e-19,0.016942,7.0617e-05,1.6892e-19,3.9949e-05,2.5964e-19,3.0552e-19,0.71018,1.6385e-19,4.281e-19,3.848e-07,2.451e-19,4.3101e-19
0.045452,1.7733e-19,0.096279,0.0066344,2.6308e-05,1.7303e-10,0.01089,4.1612e-19,0.042382,0.00010671,1.5158e-19,2.1249e-05,2.3298e-19,2.7415e-19,0.79819,1.4702e-19,6.2393e-12,2.5077e-19,2.1993e-19,1.7538e-05
0.042039,1.9921e-19,0.062521,0.006644,9.9022e-07,0.00085742,0.013999,4.6746e-19,6.0299e-19,0.0013089,1.7028e-19,2.6927e-19,2.6172e-19,3.0797e-19,0.87032,1.6516e-19,0.0015948,0.00013398,2.4706e-19,0.00058173
0.0308,1.4978e-19,0.14247,1.1208e-09,5.1477e-05,2.6082e-19,0.018107,3.5148e-19,0.070112,4.0118e-19,2.9128e-19,4.1725e-06,1.9678e-19,2.3156e-19,0.72894,1.2418e-19,3.2446e-19,6.9035e-17,1.8576e-19,0.0095158
0.047447,0.00013376,0.059602,0.012326,1.1563e-19,0.00060854,0.0055772,2.7375e-19,0.076231,0.0035459,9.9715e-20,1.5769e-19,1.5327e-19,1.2353e-17,0.79453,9.6719e-20,2.5271e-19,1.4396e-09,1.4468e-19,1.4457e-16
0.071324,1.3222e-19,0.10245,0.013487,1.4689e-14,0.00091199,0.010291,3.1027e-19,0.031484,0.0039283,1.1302e-19,1.7873e-19,1.7372e-19,2.0441e-19,0.76612,1.0962e-19,2.8642e-19,4.7066e-06,1.6399e-19,2.8838e-19
0.072806,1.3242e-19,0.088781,0.0077392,0.00026355,2.306e-19,3.442e-15,3.1075e-19,4.0085e-19,3.5469e-19,1.6171e-08,0.0012284,1.7398e-19,0.0058843,0.80192,1.0979e-19,0.0013701,1.8727e-19,2.6604e-18,0.020004
0.055583,1.3256e-19,0.088669,2.8864e-19,0.00010211,2.3083e-19,0.010395,3.1106e-19,4.0125e-19,7.9621e-18,1.1331e-19,7.8603e-08,1.7416e-19,2.0493e-19,0.8302,1.099e-19,8.88e-16,3.7396e-11,1.644e-19,0.015055
0.061456,1.2204e-19,0.12591,2.6574e-19,7.8782e-11,2.1252e-19,0.01264,2.8639e-19,3.6942e-19,1.6283e-06,1.0432e-19,1.6497e-19,1.6034e-19,1.8868e-19,0.78145,1.0119e-19,0.0036956,1.2177e-17,1.5136e-19,0.014851
0.1191,2.4161e-11,0.12,0.00099692,0.00018775,6.858e-10,0.012612,4.3852e-19,0.00203,1.3676e-16,6.765e-08,0.0014088,2.4552e-19,3.295e-11,0.73593,1.5494e-19,4.0481e-19,2.6427e-19,2.3177e-19,0.0077353
0.065369,2.76e-16,0.077297,0.02322,4.5211e-12,0.00076389,0.016977,4.3316e-19,0.010228,0.004126,1.5778e-19,2.4952e-19,2.4252e-19,2.8537e-19,0.80202,1.5304e-19,3.9986e-19,8.2498e-18,2.2893e-19,4.0259e-19
0.06853,1.4785e-19,0.10356,3.2195e-19,6.9675e-05,2.5747e-19,0.01323,3.4696e-19,0.014237,2.5416e-18,1.2638e-19,1.0587e-05,1.9426e-19,2.2858e-19,0.77678,1.2259e-19,3.2029e-19,1.3519e-07,1.8338e-19,0.023584
0.017726,1.5822e-19,0.083511,0.0039518,0.00017983,2.7552e-19,0.024849,3.7128e-19,0.13512,0.0025065,1.3524e-19,2.1387e-19,2.0787e-19,2.4461e-19,0.7152,1.3118e-19,8.0538e-15,0.00085633,1.9623e-19,0.016101
0.045065,1.6204e-19,0.071239,0.0091231,0.00014094,4.276e-12,0.0081682,3.8024e-19,0.034633,0.0032345,8.9409e-14,8.7939e-18,2.1289e-19,2.5051e-19,0.8284,1.3434e-19,6.2772e-17,2.2914e-19,1.2635e-12,8.4484e-13
0.068952,1.4033e-19,0.15369,3.0556e-19,0.00030066,2.4437e-19,0.01026,3.293e-19,4.2478e-19,3.7587e-19,1.2658e-08,0.0028969,1.8437e-19,2.1695e-19,0.73374,1.1635e-19,3.0399e-19,0.0041382,1.7404e-19,0.026021
0.061967,1.5439e-19,0.11792,0.0006314,0.00012986,3.0836e-17,0.020739,3.623e-19,0.00028683,0.0037817,1.6678e-14,2.087e-19,2.0285e-19,2.3869e-19,0.78842,1.2801e-19,2.4974e-09,2.1833e-19,4.4977e-12,0.0061253
0.049972,2.3539e-19,0.089148,0.016407,1.0436e-05,1.8218e-09,0.0053914,5.5236e-19,0.10959,0.058413,2.012e-19,0.0052784,3.0926e-19,3.6391e-19,0.66579,1.9516e-19,5.0991e-19,3.9211e-07,2.9194e-19,4.1337e-09
0.020425,1.2465e-12,0.040817,0.024784,1.7625e-19,0.00054006,0.0057567,4.1726e-19,0.0019758,1.5989e-07,1.5199e-19,2.4036e-19,2.3362e-19,1.6805e-09,0.9057,1.4743e-19,3.8519e-19,1.2228e-11,2.2053e-19,3.8781e-19
0.050476,1.3355e-19,0.054807,0.0044125,8.0461e-05,0.0016434,0.0062472,7.1892e-17,0.12808,0.0033864,1.1415e-19,2.23e-10,1.7546e-19,2.0646e-19,0.73943,1.1072e-19,2.8929e-19,0.0026626,1.6563e-19,0.0087792
0.038366,2.0882e-19,0.08334,0.027274,8.9829e-11,3.6224e-11,0.0022357,4.9003e-19,0.047355,5.5932e-19,1.785e-19,0.00072171,2.7436e-19,2.7565e-10,0.80071,1.7313e-19,4.5236e-19,1.4807e-08,2.5899e-19,4.5544e-19
0.067306,0.00032232,0.11621,1.4203e-11,0.00014197,2.9328e-19,0.0036818,3.9522e-19,5.098e-19,4.4186e-14,9.6968e-14,0.00082781,2.2127e-19,6.7058e-13,0.78541,1.3964e-19,3.6484e-19,2.3817e-19,2.0888e-19,0.026103
0.067485,1.7907e-19,0.13504,3.8992e-19,1.2917e-15,3.1183e-19,0.017956,4.2022e-19,5.4205e-19,5.6016e-18,1.5307e-19,3.4101e-19,2.3527e-19,2.7685e-19,0.76579,1.4847e-19,0.0014612,0.0040773,2.2209e-19,0.0081974
0.065563,1.8179e-19,0.072818,3.9583e-19,3.5421e-09,1.3018e-07,0.019861,4.2658e-19,5.5026e-19,3.9623e-15,1.5539e-19,1.645e-18,2.3884e-19,0.0027273,0.82358,1.5072e-19,2.1598e-05,0.0031773,2.2546e-19,0.012254
0.059953,0.00011212,0.083058,0.032771,9.5532e-05,1.1269e-11,0.0023519,3.4662e-19,4.2814e-12,1.9824e-06,8.7658e-18,1.8534e-07,1.9406e-19,0.0014313,0.82023,1.2247e-19,1.7125e-13,2.0888e-19,2.4841e-09,3.2216e-19
0.046426,1.5819e-16,0.077195,0.0074597,2.4419e-12,9.0865e-08,0.021924,2.7514e-19,0.0054543,5.5124e-16,1.0022e-19,6.6942e-10,1.5404e-19,1.1629e-07,0.84154,9.721e-20,1.0596e-18,2.5649e-18,1.4542e-19,2.5572e-19
0.067794,1.6671e-19,0.084403,0.0012621,0.00012927,1.9729e-18,0.0078767,3.912e-19,0.0077256,0.0002135,6.1404e-13,1.2328e-14,2.1902e-19,4.0428e-12,0.8107,1.737e-12,0.0072424,0.0017437,8.3477e-05,0.010822
0.06035,1.9e-19,0.13248,0.025534,4.5685e-15,2.8611e-10,0.017412,4.4587e-19,0.013843,0.0030352,1.6241e-19,2.2232e-14,2.4963e-19,2.9375e-19,0.74734,1.5753e-19,4.116e-19,3.7901e-17,2.3565e-19,4.144e-19
0.05159,1.8389e-19,0.061438,0.017182,4.3296e-06,0.0010474,0.013617,3.2117e-10,0.01829,0.012455,1.5718e-19,2.4857e-19,2.4159e-19,2.8429e-19,0.82438,1.5246e-19,3.9834e-19,6.1126e-11,2.2806e-19,4.0106e-19
0.038561,8.8154e-20,0.078467,0.00097992,7.0129e-05,0.00014409,0.0078774,2.0686e-19,0.013255,4.9874e-14,7.5352e-20,0.00042227,1.1582e-19,1.3629e-19,0.85502,7.3088e-20,1.9096e-19,3.3526e-11,1.0933e-19,0.0052077
0.056663,1.7799e-19,0.071559,0.0091132,3.8753e-11,3.1567e-14,0.007935,4.1767e-19,0.065018,0.0028347,1.5214e-19,2.4059e-19,2.3384e-19,2.7517e-19,0.77893,1.4757e-19,3.8556e-19,1.883e-09,2.2075e-19,0.0079459
0.15034,0.001433,0.047234,0.0049056,1.4703e-19,2.5978e-08,0.016871,3.4808e-19,4.49e-19,2.5571e-14,1.2679e-19,2.8362e-19,1.9488e-19,0.00033383,0.77888,1.2298e-19,9.857e-08,2.0976e-19,1.8397e-19,3.2351e-19
0.037287,0.0010889,0.053383,0.015443,1.3931e-19,0.00038817,0.0067388,3.2981e-19,0.11979,0.00096154,1.2013e-19,1.8998e-19,1.8465e-19,2.1728e-19,0.76492,1.1653e-19,1.4023e-07,1.9875e-19,1.7431e-19,3.0653e-19
0.055418,1.2926e-19,0.090599,0.0026286,3.0704e-06,1.4997e-05,0.015694,3.0334e-19,0.016233,3.2636e-12,1.1049e-19,0.00033766,1.6983e-19,1.9984e-19,0.8037,1.0717e-19,2.8002e-19,0.00013927,1.6032e-19,0.015236
0.034255,1.534e-05,0.11585,1.2672e-09,2.193e-09,2.38e-19,0.057074,3.2073e-19,4.1372e-19,0.0016813,1.1683e-19,1.8475e-19,1.7957e-19,2.113e-19,0.78527,1.1332e-19,0.0017365,0.0030246,1.6951e-19,0.0010936
0.094883,0.0016021,0.045832,0.010155,1.201e-09,7.3865e-13,0.047274,3.3009e-19,4.258e-19,3.7677e-19,3.4852e-12,2.6242e-10,1.8481e-19,0.0081307,0.78859,1.1663e-19,0.00353,1.9892e-19,1.7446e-19,3.068e-19
0.013217,1.4225e-19,0.15743,3.0975e-19,0.00018667,3.7449e-17,0.037637,3.3382e-19,4.306e-19,3.8102e-19,2.0504e-16,0.003213,1.869e-19,2.1992e-19,0.77467,1.1794e-19,0.00020413,0.0044329,1.7643e-19,0.0090047
0.011309,1.5784e-19,0.05681,0.0070314,0.00010684,5.1942e-16,0.024142,7.1517e-17,0.03392,0.0068305,1.3491e-19,2.1335e-19,2.0737e-19,2.4402e-19,0.85443,7.5713e-16,0.0023962,0.0030212,9.2869e-10,3.2947e-16
0.055223,0.00029346,0.11032,0.012406,6.5371e-13,0.0014649,0.0094734,3.3373e-19,0.0057534,1.8457e-14,1.2156e-19,1.8167e-16,1.8685e-19,8.2183e-11,0.80507,1.1791e-19,3.0807e-19,3.3301e-17,1.7638e-19,2.2157e-14
0.040854,1.4356e-19,0.12434,0.000971,0.00011725,4.9574e-18,0.023714,3.3689e-19,4.879e-09,1.452e-06,1.2271e-19,2.0637e-13,1.8862e-19,2.2195e-19,0.80106,1.1903e-19,1.806e-08,0.00054969,1.7806e-19,0.008393
0.065606,3.7861e-05,0.072247,0.0098283,4.9813e-07,2.1236e-18,0.010432,2.9691e-19,3.8299e-19,3.389e-19,1.0815e-19,0.00052997,1.6623e-19,1.1613e-07,0.82301,1.049e-19,2.7409e-19,0.0046188,1.5692e-19,0.013693
0.030358,1.4209e-19,0.093978,3.0939e-19,5.0319e-05,2.4743e-19,0.0075589,3.3342e-19,4.3009e-19,3.8057e-19,1.2145e-19,3.8428e-08,1.8668e-19,2.1967e-19,0.8502,1.178e-19,9.8151e-09,0.0019889,1.7622e-19,0.015866
0.085429,0.0084487,0.072973,1.7189e-11,1.9613e-05,3.2073e-19,0.020754,4.3221e-19,5.5752e-19,4.9333e-19,6.4681e-19,1.1599e-17,2.4199e-19,2.8475e-19,0.7933,1.5271e-19,3.024e-09,2.6046e-19,2.2843e-19,0.019073
0.044079,1.2575e-10,0.084177,0.0051922,1.1088e-16,0.0012229,0.010286,4.4189e-19,0.010748,6.9907e-06,1.6096e-19,2.5455e-19,2.4741e-19,2.9113e-19,0.84428,1.5613e-19,1.2752e-14,7.0687e-06,2.3355e-19,1.6828e-14
0.050172,1.2972e-19,0.085231,2.8246e-19,1.3933e-12,2.2589e-19,0.012286,3.044e-19,3.9266e-19,3.4745e-19,1.203e-19,5.3156e-15,1.7043e-19,2.0055e-19,0.8319,1.0755e-19,1.2754e-06,1.3832e-06,1.6088e-19,0.020404
0.026401,1.7199e-19,0.067609,0.013226,5.3452e-05,2.9951e-19,0.0084147,4.0361e-19,9.8111e-07,0.008871,5.065e-17,2.3249e-19,2.2597e-19,2.659e-19,0.85521,1.426e-19,0.00064432,0.0045096,0.00041734,0.01464
0.07688,0.00022291,0.080443,0.014635,8.7088e-05,6.7883e-09,0.006595,3.6823e-19,0.0038586,1.1625e-11,2.5741e-17,0.00015847,2.0617e-19,2.426e-19,0.80803,1.301e-19,3.3993e-19,2.2191e-19,1.9462e-19,0.0090884
0.02215,1.3583e-19,0.14806,3.9004e-19,0.00027686,2.3652e-19,0.027418,3.1873e-19,4.1114e-19,1.8549e-07,1.0514e-14,0.00084221,1.7845e-19,2.0999e-19,0.77887,1.1261e-19,2.9423e-19,2.8221e-18,1.6846e-19,0.022385
0.053103,1.9291e-19,0.049204,0.014138,9.392e-09,0.00011615,0.008403,4.5269e-19,0.044078,0.009741,1.649e-19,2.6077e-19,2.5345e-19,2.9824e-19,0.82122,1.5994e-19,4.1789e-19,3.3636e-14,2.3926e-19,4.2074e-19
0.05504,4.3931e-05,0.045014,0.019593,2.304e-19,0.0011402,1.7899e-13,9.7535e-15,0.33546,0.00016596,1.9869e-19,1.4122e-09,3.054e-19,3.5937e-19,0.54354,1.9272e-19,5.0355e-19,2.6478e-10,2.883e-19,5.0698e-19
0.078662,1.6854e-11,0.12015,0.012646,1.0788e-09,0.00037052,0.012563,3.6985e-19,0.044825,0.0044922,1.3472e-19,2.3585e-10,2.0707e-19,2.4366e-19,0.72629,1.3067e-19,3.4142e-19,9.2783e-19,1.9547e-19,3.4374e-19
0.088231,1.934e-19,0.11418,0.010386,2.4944e-10,2.5638e-06,0.016187,4.5384e-19,0.020822,0.0076131,1.6531e-19,0.00033385,2.541e-19,2.99e-19,0.74224,1.6035e-19,4.1896e-19,1.1362e-14,2.3986e-19,6.0926e-16
0.036527,0.0002075,0.10415,0.0035086,0.00016117,2.2575e-19,0.029195,3.0421e-19,0.0062802,0.00010112,1.1081e-19,7.5293e-17,1.7032e-19,2.0042e-19,0.81087,9.9705e-18,0.0015912,7.209e-08,1.6078e-19,0.0074128
0.043999,3.0144e-15,0.11393,0.10965,1.8945e-19,3.3284e-19,0.0031421,4.4852e-19,0.030788,0.0060696,1.6338e-19,1.1463e-06,2.5112e-19,2.9549e-19,0.69242,1.5847e-19,4.1405e-19,2.7029e-19,2.3705e-19,4.1687e-19
0.044397,1.4874e-19,0.08194,0.0040623,4.671e-05,2.5901e-19,0.013145,3.4903e-19,4.5022e-19,7.1336e-05,1.2714e-19,6.3581e-05,1.9541e-19,2.2995e-19,0.83912,1.2332e-19,3.222e-19,2.1033e-19,1.8447e-19,0.017151
0.090673,1.7289e-19,0.084389,0.0038003,0.00010793,1.3858e-12,0.012948,4.057e-19,9.8394e-07,7.0697e-05,1.4778e-19,5.1946e-10,2.2714e-19,2.6728e-19,0.79171,0.0011208,3.7452e-19,0.0036329,2.1442e-19,0.011549
0.042996,1.3824e-19,0.10711,1.048e-09,7.9005e-12,2.4073e-19,0.0029015,3.2441e-19,4.1846e-19,3.7028e-19,1.2229e-18,3.8492e-07,1.8163e-19,6.5937e-05,0.83082,1.1462e-19,9.8326e-09,1.85e-05,1.7146e-19,0.016095
0.062445,1.7535e-19,0.088656,0.005381,0.00054778,6.0013e-16,0.0059051,4.1148e-19,0.092821,0.0021855,1.4989e-19,0.0022179,2.3038e-19,2.7109e-19,0.73984,1.4538e-19,3.7985e-19,2.4797e-19,2.1748e-19,1.1919e-10
0.079523,0.00061629,0.084927,3.8273e-19,0.00031557,0.00025352,0.025414,4.1247e-19,0.0008145,0.020615,1.5024e-19,2.376e-19,2.3093e-19,2.7174e-19,0.77976,1.4573e-19,3.8076e-19,2.4856e-19,1.0766e-05,0.0077513
0.064237,0.00042507,0.1256,0.01136,9.5121e-05,9.9355e-19,0.014428,3.078e-19,3.9704e-19,1.9441e-07,1.1212e-19,0.00011938,1.7233e-19,5.7963e-10,0.77149,1.0875e-19,2.8414e-19,1.8549e-19,1.6268e-19,0.012243
0.088711,0.0023395,0.091364,0.0047125,0.00018192,0.00082214,0.019321,4.235e-19,5.4628e-19,0.0049049,1.5426e-19,2.4395e-19,2.3711e-19,2.7901e-19,0.78559,1.4963e-19,1.4256e-14,2.5521e-19,6.1062e-14,0.0020507
0.056802,7.4118e-08,0.093608,0.023032,4.1904e-15,2.0766e-05,0.0052488,4.4882e-19,0.016331,0.0034292,1.6348e-19,2.3027e-11,2.5128e-19,2.9569e-19,0.80153,1.5857e-19,4.1432e-19,4.7165e-11,2.3721e-19,4.9023e-17
0.06469,1.6013e-19,0.079659,0.0045007,0.0001409,0.0013742,0.010977,3.7578e-19,0.078459,0.0073524,1.3688e-19,1.0061e-09,2.1039e-19,2.4757e-19,0.75285,1.3277e-19,3.4689e-19,1.0611e-14,2.1834e-17,1.4377e-17
0.068232,0.003036,0.12452,4.3026e-19,0.00017501,3.4409e-19,0.0029678,4.6369e-19,5.9812e-19,5.2926e-19,0.00068309,0.0018826,2.5961e-19,0.00033908,0.77617,1.6383e-19,4.2907e-13,1.0793e-18,2.4507e-19,0.021986
0.058916,1.5947e-19,0.094552,0.025057,9.0006e-05,3.853e-09,0.018143,3.7422e-19,0.042166,0.0017151,1.3631e-19,7.1041e-12,2.0952e-19,2.4654e-19,0.75936,1.3222e-19,3.4545e-19,4.478e-11,1.9778e-19,7.9323e-19
0.052417,1.3852e-19,0.10494,0.0014563,1.142e-05,2.4121e-19,0.0035823,3.2505e-19,0.061993,7.8794e-11,2.6282e-10,1.8698e-08,1.8199e-19,4.8345e-15,0.75588,1.1128e-17,0.0018303,1.2949e-17,3.1297e-18,0.017894
0.05713,0.00024124,0.12644,0.015596,1.5748e-06,0.0017108,0.010154,3.2047e-19,0.0073998,4.8006e-11,1.1673e-19,0.001047,1.7942e-19,2.1113e-19,0.78028,1.1323e-19,2.9583e-19,4.0146e-14,1.6937e-19,7.3451e-19
0.070791,1.5163e-19,0.10918,0.0030127,0.00012142,1.8781e-15,0.018176,3.5582e-19,4.5898e-19,0.0033591,1.2961e-19,2.0144e-11,1.9921e-19,2.3442e-19,0.78803,1.2572e-19,3.2847e-19,2.1442e-19,1.8806e-19,0.0073323
0.042326,2.5178e-10,0.039082,0.066159,3.6943e-15,8.2452e-05,0.0017577,2.6835e-19,3.4615e-19,3.2156e-12,9.7747e-20,1.5458e-19,1.5024e-19,0.00040246,0.85018,9.481e-20,2.4772e-19,1.6171e-19,1.4183e-19,7.8377e-06
0.06271,0.00051625,0.14592,0.0033275,7.6405e-06,2.4817e-19,0.019153,3.3443e-19,4.3139e-19,5.5383e-06,4.1273e-19,1.9264e-19,1.8724e-19,0.00011952,0.76054,1.1816e-19,0.0039437,2.0153e-19,2.6839e-05,0.0037308
0.043252,1.8308e-19,0.067864,0.021074,9.3648e-10,6.3117e-06,0.0075507,4.2961e-19,0.10345,0.0024206,1.5649e-19,7.2004e-08,2.4053e-19,2.8304e-19,0.74891,1.5179e-19,3.9659e-19,0.0054734,2.2706e-19,3.9929e-19
0.090197,4.8234e-17,0.096686,0.0016948,9.5312e-05,3.7939e-12,0.010266,5.5513e-19,2.2448e-06,5.196e-11,2.0221e-19,5.9533e-08,3.108e-19,2.8589e-14,0.78426,1.9613e-19,5.1245e-19,2.3292e-06,2.934e-19,0.016797
0.0011422,1.3814e-19,0.040992,0.019185,1.3692e-19,0.003586,0.029953,0.0053555,0.0053779,0.020362,1.1808e-19,1.8673e-19,5.0431e-16,2.1356e-19,0.8667,1.1453e-19,2.9924e-19,1.9535e-19,0.0031256,0.0042155
0.03022,0.001215,0.069643,0.0034555,2.1544e-05,5.2274e-17,0.019036,4.015e-19,0.024359,0.0082017,1.4625e-19,2.3128e-19,0.00014514,2.6451e-19,0.8437,1.4185e-19,3.7063e-19,2.4961e-14,2.122e-19,2.4483e-07
0.086868,1.9223e-19,0.10301,0.0026021,6.2486e-12,3.3474e-19,0.016265,4.5109e-19,5.8187e-19,2.1453e-18,1.6431e-19,4.8355e-08,2.5256e-19,5.0192e-12,0.77521,1.5938e-19,4.1642e-19,9.4684e-16,2.3841e-19,0.016042
0.068651,1.5226e-19,0.1433,3.3154e-19,0.0001695,2.6514e-19,0.024543,3.573e-19,4.6089e-19,4.0783e-19,1.3015e-19,0.0018074,2.0004e-19,2.5298e-08,0.73571,1.2624e-19,3.2984e-19,6.9722e-16,1.8884e-19,0.025821
0.059286,1.8032e-19,0.090027,0.0073785,0.00010977,0.00049436,0.016443,4.2315e-19,0.066379,0.01073,1.5413e-19,5.3885e-06,2.3691e-19,2.7878e-19,0.74915,1.4951e-19,3.9062e-19,1.0416e-16,2.2364e-19,3.9328e-19
0.030621,2.3424e-05,0.049305,0.057304,2.1963e-19,2.2075e-16,0.0041526,5.1997e-19,0.029118,0.0041028,1.894e-19,2.9952e-19,2.9112e-19,3.4256e-19,0.82537,1.8371e-19,4.8e-19,5.561e-19,2.7481e-19,4.8327e-19
0.046664,1.3218e-19,0.048525,0.078885,7.7127e-11,1.3021e-15,2.307e-19,3.1019e-19,5.0478e-17,0.0047678,1.1299e-19,1.7868e-19,1.7367e-19,2.7779e-09,0.81391,1.0959e-19,2.8635e-19,0.0072495,1.6394e-19,2.883e-19
0.028494,1.2878e-19,0.086887,0.0011061,1.8913e-05,2.2425e-19,0.0036327,3.0219e-19,3.898e-19,3.4492e-19,1.6568e-08,1.1327e-12,1.6919e-19,0.0022311,0.86098,1.0677e-19,0.0039054,0.0029668,1.5971e-19,0.0097817
0.055314,1.9163e-19,0.15219,4.1727e-19,0.00010971,3.337e-19,0.016819,4.4969e-19,5.8006e-19,6.934e-13,1.638e-19,2.5459e-10,2.5177e-19,2.9626e-19,0.753,1.5888e-19,4.1512e-19,0.0039607,2.3767e-19,0.018612
0.038942,1.7553e-19,0.082437,0.0061229,1.8949e-06,3.0567e-19,0.010143,4.1191e-19,5.3134e-19,0.00055087,1.5004e-19,5.1182e-08,2.3062e-19,0.00069266,0.84429,1.4553e-19,3.8025e-19,8.2163e-11,2.1771e-19,0.016823
0.046437,0.00045113,0.14842,0.010435,1.2541e-05,5.1114e-15,0.014057,3.0397e-19,3.921e-19,1.0777e-15,1.1072e-19,3.6898e-10,1.7019e-19,2.0026e-19,0.77972,1.074e-19,2.806e-19,0.0003465,1.6065e-19,0.00012051
0.098134,1.3677e-19,0.12108,0.0070062,0.00011641,2.3818e-19,0.019528,3.2096e-19,0.019729,2.6645e-17,5.9903e-14,0.00019876,1.797e-19,2.4061e-12,0.715,1.134e-19,1.0941e-11,0.0057298,1.6963e-19,0.013475
0.055901,2.0694e-19,0.05923,0.0063321,2.0511e-19,6.4792e-09,0.012471,4.8561e-19,0.040564,0.00057756,1.7689e-19,2.7973e-19,2.7188e-19,3.1993e-19,0.82492,1.7157e-19,8.9585e-13,7.3346e-16,2.5665e-19,3.8441e-13
0.097984,1.4641e-19,0.1754,3.188e-19,0.00012235,2.5495e-19,0.0084818,3.4357e-19,4.4318e-19,3.9215e-19,8.3512e-13,0.0011888,1.9236e-19,0.00087844,0.69458,1.2139e-19,3.1716e-19,6.0034e-10,1.8158e-19,0.021362
0.067501,0.00045234,0.096072,0.0025194,0.0001752,0.0016721,0.020103,4.2722e-19,0.002757,0.011461,1.5562e-19,0.00046493,2.3919e-19,2.8146e-19,0.79682,1.5094e-19,3.9438e-19,3.7624e-12,2.2579e-19,3.9707e-19
0.066914,1.797e-19,0.11328,0.0070388,7.9008e-06,0.0020539,0.024539,4.2168e-19,0.010558,0.002284,1.536e-19,0.0081477,2.3609e-19,2.7781e-19,0.76517,1.4898e-19,3.8926e-19,2.9186e-14,2.2287e-19,2.2015e-08
0.07243,1.5705e-19,0.11834,0.0036694,0.00019763,0.00035803,0.014044,3.6854e-19,0.047928,0.0072832,1.3424e-19,0.00040275,2.0634e-19,2.428e-19,0.72939,1.3021e-19,3.4021e-19,8.8387e-14,1.9478e-19,0.0059569
0.045068,0.00014894,0.12731,3.7401e-19,1.7025e-19,2.9911e-19,0.010216,4.0307e-19,0.01897,4.6007e-19,1.4682e-19,2.0152e-15,2.2567e-19,0.0011949,0.77305,1.4241e-19,0.010258,0.0015578,2.1303e-19,0.012232
0.087893,0.00047963,0.11384,0.01546,0.0072317,0.00068375,0.035329,0.0071151,2.1774e-16,0.0012734,9.9339e-18,1.2008e-15,0.013226,5.599e-09,0.71725,2.1507e-19,1.8685e-17,1.9013e-16,3.2173e-19,0.00021667
0.081383,2.2513e-19,0.063973,0.0099247,0.00019939,0.0022471,0.021551,5.283e-19,0.17297,0.0078914,1.9244e-19,0.00092231,2.9579e-19,3.4806e-19,0.63894,5.1631e-18,1.3548e-13,1.707e-06,4.4137e-15,7.3423e-08
0.060295,1.6744e-19,0.07794,0.0023636,0.00024463,0.0026676,0.043817,3.9292e-19,5.0684e-19,4.4848e-19,1.5512e-18,1.1374e-15,2.1999e-19,7.2748e-16,0.79966,1.3882e-19,2.4847e-14,0.0041382,2.0767e-19,0.0088765
0.034056,1.1395e-19,0.071171,0.013052,2.0074e-15,1.0058e-09,0.020648,2.6739e-19,0.0035106,0.00094964,9.7399e-20,7.1485e-18,1.4971e-19,1.7616e-19,0.85106,9.4474e-20,2.4684e-19,0.0055538,1.4132e-19,1.8156e-06
0.058743,0.00021852,0.068345,0.023083,1.7415e-19,0.0001188,0.016127,4.1229e-19,0.0135,9.027e-12,1.5018e-19,3.3525e-17,2.3083e-19,1.014e-15,0.81987,1.4567e-19,3.806e-19,2.4846e-19,2.1791e-19,3.832e-19
0.06153,1.3914e-19,0.12003,3.0296e-19,2.0374e-07,2.4229e-19,0.0088134,3.265e-19,4.2116e-19,3.7267e-19,1.5291e-12,3.2207e-08,1.828e-19,0.0014623,0.77905,1.1536e-19,0.0026751,7.6468e-13,1.7256e-19,0.026444
0.034761,1.4058e-19,0.083112,0.011024,2.9122e-10,5.2469e-15,0.010681,3.9703e-16,2.2323e-05,0.0034645,1.2016e-19,1.8286e-16,1.847e-19,2.1734e-19,0.85134,1.1656e-19,3.0453e-19,0.0055938,1.7435e-19,3.0661e-19
0.045424,0.00073686,0.098067,0.0018133,6.727e-07,5.3884e-18,0.011556,3.3737e-19,4.3519e-19,3.8508e-19,1.2289e-19,6.1496e-13,1.8889e-19,2.2227e-19,0.82828,1.192e-19,1.7185e-16,1.2889e-10,1.7831e-19,0.014126
0.065506,1.1427e-19,0.069349,0.021105,6.5528e-15,1.9899e-19,0.012248,2.6815e-19,0.18795,1.5848e-07,5.6518e-11,2.9779e-14,1.5013e-19,1.96e-13,0.64014,9.4742e-20,8.4718e-18,1.616e-19,1.4172e-19,0.0037048
0.053741,1.2054e-19,0.11529,0.017382,1.6197e-05,1.8614e-08,0.0099926,2.8287e-19,0.0028139,2.8122e-11,1.3446e-19,2.6245e-10,1.5837e-19,2.9062e-06,0.79975,9.9943e-20,2.6113e-19,0.00060224,1.495e-19,0.00040808
0.043879,1.7042e-19,0.075145,3.7107e-19,1.2067e-08,2.9676e-19,0.011437,3.999e-19,5.1584e-19,4.5645e-19,1.4567e-19,3.4328e-17,2.239e-19,2.6346e-19,0.83834,1.4129e-19,0.0037246,0.0083773,2.1136e-19,0.019098
0.023382,1.2666e-19,0.021007,0.00308,9.8943e-05,1.1691e-16,0.014634,2.9722e-19,3.8339e-19,0.0072716,1.0826e-19,1.7121e-19,1.6641e-19,1.9581e-19,0.9189,1.0501e-19,0.0066032,0.0048102,0.00021188,3.8274e-18
0.039296,3.2667e-06,0.017,0.010235,7.7738e-13,2.8889e-19,0.03705,3.893e-19,5.0217e-19,5.3109e-06,1.418e-19,2.2425e-19,2.1796e-19,1.7291e-17,0.88609,1.3755e-19,3.5938e-19,2.346e-19,2.0575e-19,0.010321
0.12357,1.4036e-19,0.16905,0.0091545,1.2363e-10,0.0010081,0.017444,3.2937e-19,0.013914,0.0056132,1.1998e-19,7.3077e-14,1.8441e-19,2.17e-19,0.66025,1.1637e-19,3.0405e-19,1.9849e-19,1.7408e-19,1.3842e-15
0.045916,1.4067e-19,0.077348,0.0058582,1.3943e-19,2.4495e-19,0.0085283,3.3009e-19,0.0296,3.7677e-19,0.00035885,1.9014e-19,1.8481e-19,0.003906,0.81252,1.1663e-19,0.004184,1.9892e-19,1.7446e-19,0.011786
0.050429,1.8567e-19,0.094183,4.043e-19,0.00015794,3.2333e-19,0.011289,4.3571e-19,0.0097768,5.3857e-18,5.3673e-07,0.0038658,2.4394e-19,2.8705e-19,0.79543,1.5394e-19,4.0222e-19,0.0023489,2.3028e-19,0.032521
0.047984,1.0989e-19,0.13438,0.0033246,9.8502e-05,1.9137e-19,0.0054989,2.5788e-19,1.6997e-13,2.9435e-19,9.3935e-20,6.3102e-17,1.4438e-19,1.6056e-16,0.79292,9.1113e-20,8.5081e-17,2.4481e-05,1.363e-19,0.015772
0.10031,1.59e-19,0.24654,3.4621e-19,0.00027127,6.2798e-18,0.011827,3.731e-19,0.0052983,4.226e-05,1.3591e-19,1.4162e-11,2.0889e-19,2.4581e-19,0.62136,1.3182e-19,3.4442e-19,7.8985e-06,1.9719e-19,0.014343
0.098872,1.4444e-19,0.14873,0.012276,8.3935e-07,0.0007615,0.02205,3.3894e-19,1.2296e-07,0.0058016,1.2346e-19,6.5768e-06,1.8976e-19,2.233e-19,0.7115,1.1975e-19,3.1289e-19,4.4564e-15,1.7914e-19,1.7219e-13
0.076441,1.2883e-19,0.073572,2.8052e-19,2.8586e-05,2.2434e-19,0.01228,3.0232e-19,3.8997e-19,3.9827e-14,1.1012e-19,0.00073497,2.6782e-11,1.9917e-19,0.82079,1.0681e-19,2.3443e-09,0.0028149,1.5978e-19,0.013341
0.076406,0.0003592,0.080837,0.016019,1.4155e-14,0.00048508,0.0086534,3.8958e-19,0.025738,0.0041392,1.4191e-19,1.1905e-06,2.1812e-19,2.5666e-19,0.78736,1.3765e-19,3.5964e-19,7.4939e-14,2.059e-19,1.1469e-16
0.040612,1.5367e-07,0.21799,3.4204e-19,0.00012904,2.7354e-19,0.027295,3.6862e-19,4.7549e-19,4.2074e-19,1.3427e-19,0.00011398,2.0638e-19,2.4285e-19,0.69525,1.3024e-19,3.4028e-19,1.2203e-12,1.9482e-19,0.018607
0.046869,1.3769e-19,0.15483,2.9982e-19,0.00019783,2.3977e-19,0.0020431,3.2311e-19,4.1679e-19,3.688e-19,9.3181e-05,0.00012378,1.809e-19,3.7326e-10,0.76783,1.1416e-19,0.00090441,4.5815e-09,1.7077e-19,0.027103
0.050617,1.585e-19,0.079854,0.01066,8.935e-14,0.00051472,0.013995,3.7193e-19,0.0022906,0.00035713,1.3548e-19,2.1425e-19,2.0824e-19,2.4504e-19,0.8417,1.3141e-19,3.4334e-19,1.087e-05,1.9657e-19,8.1042e-13
0.058599,1.4404e-19,0.065358,0.0089178,8.8972e-05,7.6481e-18,0.0071404,3.3801e-19,0.069341,0.0037583,1.2312e-19,2.4643e-10,1.8924e-19,2.2268e-19,0.77918,1.1942e-19,3.1203e-19,5.0058e-07,1.7864e-19,0.007616
0.079285,9.7436e-20,0.15428,2.1216e-19,0.00024064,1.6967e-19,0.011183,2.2865e-19,2.9494e-19,2.6098e-19,0.00066866,0.0011063,1.2801e-19,2.6225e-17,0.72064,3.1542e-18,6.497e-07,5.2984e-08,1.2084e-19,0.03259
0.054357,1.5151e-19,0.0489,0.0028056,1.5018e-19,2.6384e-19,0.011905,3.5555e-19,0.016212,6.6169e-17,1.2951e-19,0.00026166,1.9906e-19,2.3424e-19,0.84576,1.2562e-19,5.8273e-09,1.8373e-08,1.8791e-19,0.019801
0.11853,8.9888e-13,0.10379,8.1569e-17,9.2117e-05,1.2079e-16,0.014354,3.8601e-19,4.9792e-19,4.4059e-19,3.625e-14,0.0011287,2.1612e-19,5.9785e-12,0.74152,1.3638e-19,2.5739e-10,1.3612e-17,2.0401e-19,0.02058
0.060963,1.4801e-19,0.099611,0.011782,8.0093e-10,0.00086627,0.014819,3.4733e-19,2.907e-11,2.7635e-14,1.2652e-19,0.00080476,1.9446e-19,2.2883e-19,0.80371,1.2272e-19,3.2063e-19,0.0042089,1.8357e-19,0.0032329
0.064379,1.5523e-19,0.065586,0.024401,6.7279e-05,3.5665e-16,0.030385,3.6427e-19,0.024732,0.00014945,1.3269e-19,9.4697e-11,2.0395e-19,0.00057836,0.77912,1.287e-19,6.1778e-19,0.0010836,1.9253e-19,0.0095204
0.015587,1.3716e-19,0.041712,0.046682,2.4052e-05,2.3885e-19,0.053106,0.0021707,0.25709,0.0037494,1.1724e-19,1.854e-19,5.56e-06,2.1205e-19,0.5386,6.6281e-05,0.006191,0.013105,0.00030812,0.021602
0.10306,1.5301e-19,0.096366,3.3318e-19,6.2518e-05,2.6645e-19,0.023291,3.5906e-19,4.6317e-19,4.0984e-19,2.4751e-09,0.0001752,2.0103e-19,2.3656e-19,0.74453,1.2686e-19,3.3146e-19,2.1638e-19,1.8977e-19,0.03251
0.022181,1.7848e-19,0.078095,0.0087596,6.0645e-05,3.1081e-19,0.0039976,4.1884e-19,0.079918,4.1885e-06,1.5256e-19,0.00032788,2.345e-19,2.7594e-19,0.80645,1.4798e-19,0.00020584,2.524e-19,2.2136e-19,3.8928e-19
0.07422,2.2083e-19,0.10624,0.0052677,1.8437e-06,0.00063541,0.033405,5.1819e-19,0.029407,0.0049656,1.8876e-19,2.985e-19,2.9013e-19,3.414e-19,0.74586,9.4807e-19,5.6786e-09,1.5308e-11,2.7388e-19,1.2956e-08
0.053141,1.5792e-19,0.09533,0.0020468,3.4424e-10,1.2136e-11,0.010221,3.7057e-19,0.0052162,0.003486,1.3498e-19,2.1346e-19,2.0747e-19,2.4414e-19,0.82611,1.3093e-19,4.2008e-12,2.2332e-19,1.9585e-19,0.0044465
0.10164,1.3596e-19,0.14274,2.9606e-19,0.00016548,2.3676e-19,0.023197,3.1906e-19,4.1156e-19,1.8664e-07,9.3308e-13,0.0011377,1.7863e-19,2.102e-19,0.69852,1.1273e-19,2.9453e-19,0.0067104,1.6863e-19,0.025888
0.079729,1.1745e-19,0.14373,2.5574e-19,8.3947e-05,2.0453e-19,0.022288,2.7561e-19,3.5552e-19,3.1459e-19,8.3809e-10,0.002422,1.5431e-19,1.4209e-15,0.72485,9.7378e-20,2.5443e-19,1.6609e-19,1.4567e-19,0.026896
0.028364,4.3369e-19,0.089741,0.00026013,8.7538e-06,2.0644e-19,0.028393,2.7819e-19,3.5885e-19,3.1753e-19,1.0133e-19,2.3635e-19,1.5575e-19,0.00079734,0.83203,9.829e-20,0.0011229,1.6765e-19,1.4703e-19,0.019285
0.033872,1.1891e-19,0.13687,2.5892e-19,0.00047335,2.0707e-19,0.036027,2.7904e-19,3.5994e-19,5.3688e-08,2.3434e-15,0.0010681,1.5623e-19,1.8383e-19,0.77045,9.8587e-20,2.5759e-19,1.5755e-14,1.4748e-19,0.021239
0.099212,1.295e-19,0.1001,2.8199e-19,7.8407e-11,0.0011476,0.013316,3.0389e-19,3.92e-19,3.4687e-19,1.107e-19,0.000767,1.7014e-19,2.0021e-19,0.77844,1.0737e-19,3.7694e-19,1.8314e-19,1.6062e-19,0.0070129
0.088423,1.7104e-19,0.076958,0.0024961,0.00034511,6.4883e-18,0.0053636,6.8246e-05,4.0567e-14,1.998e-10,8.5382e-09,0.0028781,2.2471e-19,0.00099975,0.80388,1.4181e-19,3.7051e-19,1.5029e-07,2.1213e-19,0.01859
0.084066,1.4028e-19,0.074497,0.0009868,3.4416e-05,2.4428e-19,0.027606,3.2918e-19,0.066429,3.2617e-15,3.2518e-10,1.1772e-15,1.843e-19,2.1687e-19,0.71894,1.163e-19,0.0059583,1.9837e-19,1.7398e-19,0.021484
0.077285,1.2955e-19,0.079906,2.821e-19,1.4053e-17,2.256e-19,0.015761,3.0401e-19,3.9215e-19,2.5866e-15,3.8209e-17,3.2929e-13,1.7021e-19,2.0029e-19,0.80754,1.0741e-19,5.7496e-10,1.8321e-19,1.6068e-19,0.019513
0.095105,3.7889e-12,0.12346,0.0087691,8.3953e-05,0.00099987,0.0096657,3.8321e-19,0.0097033,0.0016374,1.3959e-19,4.0891e-10,2.1455e-19,2.7102e-18,0.75058,1.3539e-19,3.5376e-19,8.1654e-17,2.0254e-19,3.5617e-19
0.066076,0.00012389,0.095659,0.0011191,0.00010104,2.51e-09,0.025345,2.6916e-19,3.472e-19,0.0068502,9.8043e-20,1.5505e-19,1.507e-19,1.7733e-19,0.80048,9.5098e-20,1.0194e-13,1.622e-19,2.8994e-11,0.0042473
0.049136,1.0182e-19,0.091504,2.217e-19,0.00014813,1.773e-19,0.011828,2.3893e-19,3.082e-19,2.7271e-19,0.00015063,0.00060247,1.3377e-19,1.1263e-17,0.8182,8.4416e-20,8.9532e-06,1.9455e-09,1.2628e-19,0.028424
