0.011867,0.0013649,0.42388,0.058957,3.6225e-05,0.0011684,0.0035857,5.1194e-19,0.024143,0.0074504,6.9548e-19,0.0024111,8.2801e-19,3.0841e-19,0.006641,4.3396e-19,0.0020363,9.7736e-05,2.4333e-19,0.45636
0.019868,0.0037763,0.25124,0.0054061,2.2633e-19,3.9796e-19,5.6581e-05,0.00039965,0.027619,5.2654e-19,5.9364e-19,4.2332e-19,5.9064e-12,0.0012222,0.022596,3.7041e-19,0.0054756,0.0059843,0.00059628,0.65576
0.066578,0.00046379,0.52482,0.023985,9.8878e-05,6.8672e-06,0.020109,0.00032861,0.12357,0.003231,0.010862,3.1164e-19,5.2031e-19,1.523e-05,0.087269,2.7269e-19,1.8241e-19,0.0015678,1.529e-19,0.1371
0.037614,0.034778,0.21971,0.06447,5.854e-05,0.0049846,0.0045536,3.4926e-19,0.050529,4.2085e-19,4.7447e-19,0.0021765,5.6489e-19,0.0020361,0.20455,2.9606e-19,1.9804e-19,3.2219e-19,1.136e-05,0.37453
0.1301,0.00018155,0.19152,0.00055326,7.0139e-12,8.6343e-16,0.0093489,0.00012901,0.016249,0.00092492,0.016162,0.0031212,0.021603,0.00011732,3.2217e-05,0.0026899,2.5399e-19,0.00085068,0.00012075,0.6063
0.10203,0.00021967,0.13115,4.175e-19,6.1245e-05,0.0079267,0.0074336,0.00022679,0.020508,0.00045631,0.012352,0.00066513,0.009002,0.00039477,7.1244e-19,0.0060551,0.0070765,0.004281,0.00011416,0.69004
0.048598,0.0054796,0.097585,0.00038601,0.00017251,0.010835,7.6711e-19,0.0020574,0.032658,0.0021031,0.0051198,4.7419e-19,0.0047419,0.001225,3.3856e-16,4.1493e-19,2.7755e-19,0.00054857,0.00013978,0.78835
0.042787,0.010129,0.44884,0.12379,0.00012099,0.0078195,0.0026285,6.6872e-05,0.054696,0.0028128,0.0016989,0.0013853,7.2685e-19,0.00054612,0.019188,0.00051826,2.5482e-19,4.1457e-19,2.136e-19,0.28298
0.083908,0.0002668,0.18491,0.0033036,3.1678e-05,0.0020625,0.011397,4.0303e-19,3.3476e-19,0.0061392,0.012064,0.00078146,0.043273,0.00053198,0.01444,0.001834,2.2852e-19,3.7179e-19,0.00033465,0.63472
0.096365,8.7657e-05,0.23538,0.042184,0.00015729,4.0545e-19,0.1117,0.00053435,0.19357,0.00026523,0.069438,4.3129e-19,7.2007e-19,2.6821e-19,0.068944,3.7739e-19,2.5244e-19,0.00048468,2.7293e-05,0.18085
0.034916,0.0011359,0.04495,0.001986,4.6168e-05,0.0012496,0.015498,0.0021327,0.004598,2.0012e-09,4.6437e-19,0.0013691,0.056708,0.0010221,0.0061217,0.0018243,0.0035592,0.00029234,6.9372e-05,0.82252
0.051435,0.00025071,0.29681,0.0010276,0.00011639,3.5243e-19,0.0057494,0.00018356,0.032236,0.0036975,9.9331e-05,3.7489e-19,6.2591e-19,2.3314e-19,0.18567,0.0020967,0.0028718,3.57e-19,6.9727e-05,0.41768
0.092895,0.0031589,0.38472,4.5015e-19,0.00016799,0.0032425,0.06556,4.2959e-19,0.09819,5.1765e-19,0.026581,1.8219e-17,6.9482e-19,5.7671e-06,0.063288,3.6416e-19,0.00010406,0.00070961,9.9823e-05,0.26128
0.12463,8.1838e-05,1.2058e-16,4.3251e-19,4.7687e-05,1.1849e-15,0.01781,0.0010754,0.00093961,0.002211,5.6074e-19,3.9986e-19,0.060205,0.0016317,8.4424e-07,0.0010056,2.3404e-19,0.0050558,0.00023965,0.78506
0.037875,0.0022695,0.11533,0.015686,3.1602e-05,0.012914,0.0023533,0.0031264,0.029976,0.0043019,0.079659,0.00041829,0.015645,1.8921e-19,0.0020203,0.0024273,1.7809e-19,0.00015062,1.4928e-19,0.67581
0.055565,0.0058235,0.47665,0.0090671,4.1356e-05,0.0017868,0.0099101,0.00044225,0.031088,0.0010495,0.051142,0.0049007,7.7179e-19,0.00066552,0.093534,0.0019424,2.7057e-19,4.402e-19,0.00020606,0.25619
0.11277,0.00034947,0.091312,4.9032e-19,4.5456e-07,0.0046237,0.054717,4.6793e-19,0.023863,0.00077285,0.038382,1.322e-05,0.020375,2.5259e-05,0.019856,0.00054143,2.6533e-19,0.0028799,0.0001138,0.62941
0.09072,0.0032279,0.37176,0.025973,0.00013844,0.0027993,0.010845,0.00029704,0.090222,0.00033926,0.070655,0.0011304,6.7348e-19,2.5086e-19,0.033815,0.00077728,2.3611e-19,2.9235e-18,0.00015408,0.29715
0.060075,0.018423,0.15901,0.043912,0.00010588,0.0059654,0.0077345,4.6818e-19,0.027896,4.2598e-16,0.046496,0.00089274,0.0010782,0.0011172,0.13182,3.9686e-19,2.6547e-19,4.3189e-19,1.494e-05,0.49545
0.024983,0.0017926,0.11006,0.017474,2.1461e-19,0.0044831,7.9303e-06,4.1434e-19,0.078257,4.9926e-19,5.6289e-19,4.0139e-19,6.7014e-19,2.3711e-05,0.13898,3.5122e-19,2.3494e-19,0.00084394,3.0449e-05,0.62307
0.043423,0.0019256,0.25168,0.006402,0.00010773,0.0023908,0.0043356,0.0014478,0.019655,0.0017348,0.013262,4.0114e-19,0.018478,0.0012492,0.0042064,0.00025136,2.3479e-19,0.0064384,8.4816e-06,0.623
0.069016,2.3044e-19,0.25896,5.4603e-08,3.3704e-05,1.369e-17,0.0026662,3.1642e-19,0.035408,0.0035356,0.043911,3.0653e-19,2.298e-07,2.5127e-05,0.0054368,2.6822e-19,0.0014611,0.00080813,0.00072441,0.57802
0.11569,0.0015387,0.30151,0.050682,2.3274e-19,4.0922e-19,0.00055739,9.124e-05,0.041425,0.00017032,0.050871,4.353e-19,7.2676e-19,0.0041262,0.11734,0.00022495,0.0012256,0.0034181,0.00068099,0.31045
0.10719,0.0028158,0.42043,0.0092205,3.4431e-05,0.0036791,0.0078905,4.2879e-19,0.090395,1.759e-05,0.03086,0.00099119,6.9352e-19,0.00012071,0.053673,3.6348e-19,2.4313e-19,0.00020744,2.578e-05,0.27245
0.04435,0.0062484,0.56997,0.04265,8.1004e-05,0.0023827,0.0025742,0.00052539,0.080728,0.00063262,4.6264e-19,0.0028641,5.508e-19,2.0516e-19,0.001818,2.8867e-19,1.931e-19,0.0019013,4.8949e-06,0.24327
0.095341,2.0339e-05,0.20873,3.6653e-19,7.8347e-05,0.00096044,0.03336,3.498e-19,0.030919,0.0054059,4.7521e-19,3.3887e-19,0.014775,2.1073e-19,1.4541e-16,0.0015693,1.9834e-19,0.00097098,1.6626e-19,0.60787
0.074317,0.0011664,0.41331,0.00015319,0.00013002,0.0041315,0.00015528,3.9715e-19,0.055492,0.0017817,0.055964,3.8474e-19,6.4235e-19,0.00030688,0.017912,0.00014595,2.2519e-19,4.347e-05,0.00038305,0.37461
0.074773,0.00035524,0.049739,9.6485e-05,8.1664e-05,3.4025e-19,0.038379,3.7361e-19,0.0017835,0.0035173,5.0756e-19,3.6193e-19,0.0036148,0.00048019,0.012126,3.167e-19,0.0019942,0.0052498,1.7758e-19,0.80781
0.048476,0.0037583,0.43821,0.045131,0.00010873,0.0064375,0.019763,0.0021634,0.098771,0.00036892,0.0088944,0.0016558,7.9324e-19,0.00016034,0.089226,4.1574e-19,2.7809e-19,4.5244e-19,2.3311e-19,0.23687
0.083326,3.1592e-05,1.0295e-18,0.028153,7.1369e-06,0.00062493,0.0092065,0.0095117,1.1249e-08,0.0040209,0.13875,0.0034333,0.06911,0.00024406,0.060073,0.00061424,2.459e-19,4.0005e-19,0.00064066,0.59225
0.067618,0.0069523,0.49318,0.019904,9.2507e-05,0.00369,0.01169,0.00090767,0.065043,0.0059843,4.0404e-19,2.8812e-19,4.8103e-19,1.7917e-19,0.067213,0.0034066,1.6864e-19,2.7436e-19,1.4136e-19,0.25432
0.059432,0.00074672,0.00095245,0.043346,2.0986e-19,0.0088233,6.9234e-10,0.0021437,0.046049,0.0008985,0.082073,0.0019145,0.065957,0.0023322,0.010556,3.4346e-19,2.2974e-19,0.00028238,0.00047073,0.67402
0.035534,0.020114,0.3098,0.03657,0.0001587,0.0038723,0.089445,0.00017073,0.075101,8.7266e-05,0.00013513,0.00060363,6.3157e-19,0.0013752,0.12664,0.0032815,2.2141e-19,3.6022e-19,1.856e-19,0.29711
0.044346,0.0025433,0.43787,0.033552,3.2837e-05,0.0025232,0.0036483,0.00025107,0.091696,1.2675e-12,0.0019703,2.5214e-05,6.777e-19,2.5243e-19,0.077415,3.5519e-19,2.3759e-19,1.5038e-12,2.9975e-05,0.3041
0.11886,0.0014018,0.25496,4.9304e-19,0.00019054,0.0047422,6.4027e-07,0.00024004,0.08456,0.0015094,0.10427,0.0024759,7.6103e-19,2.8346e-19,0.085008,0.00099408,0.00013287,4.4407e-08,0.00016184,0.34049
0.13308,2.8916e-06,0.18789,0.001765,0.00017076,1.9345e-07,0.010077,0.0032047,0.020225,0.017985,0.10004,0.0011592,0.028325,0.0011104,0.034491,0.0042243,1.2336e-17,0.00073902,0.00096498,0.45454
0.084657,0.0028421,0.27928,0.078407,0.00011356,0.0042708,0.0071142,0.00095506,0.065559,0.0016113,0.074415,0.00022903,0.0099907,0.00012163,0.027618,0.00017923,2.3654e-19,1.3349e-12,0.00056423,0.36207
0.101,0.0026246,0.14154,3.4271e-05,1.8901e-19,0.0014304,0.017788,1.6618e-05,0.020508,0.0010551,4.9575e-19,0.0023976,0.036795,0.00088029,4.5142e-05,0.0035138,2.0691e-19,0.0010667,1.7344e-19,0.6693
0.12005,0.039862,0.37511,0.020462,2.6604e-19,0.00027248,0.0020097,0.00026474,0.038493,0.0015393,0.039189,4.9759e-19,8.3075e-19,3.0944e-19,0.02468,4.354e-19,2.9124e-19,0.0016088,2.4413e-19,0.33646
0.075887,0.0015799,0.24636,1.0388e-11,0.00019651,0.0021897,0.16414,4.0337e-19,0.10547,0.00019832,0.094526,3.9077e-19,6.5241e-19,4.4223e-05,0.059091,4.3435e-12,0.00019137,0.0014373,0.00032164,0.24836
0.11539,0.0020005,0.31339,0.0025272,0.00015869,1.3939e-06,0.0023621,3.9395e-19,0.064693,0.0023891,0.075995,3.8163e-19,6.3716e-19,3.1554e-05,0.081403,0.0010361,0.00093591,0.00090187,0.00078401,0.336
0.032457,0.00076147,0.36816,0.0095336,7.2596e-06,5.6839e-09,0.061224,0.00077376,0.059107,0.0007217,6.4134e-19,4.5733e-19,7.6354e-19,0.00039496,3.6103e-09,4.0018e-19,2.6768e-19,0.0045,0.0001134,0.46225
0.044656,0.0061313,0.23005,0.032203,8.7628e-05,0.013336,0.0055891,0.0018733,0.08192,0.00040573,0.016105,0.0040187,0.014693,0.00015002,0.065883,0.00025013,2.6752e-19,0.0040043,0.00021065,0.47843
0.061256,0.0022666,0.38759,0.0305,9.4806e-05,0.0017612,0.054304,0.0002227,0.14315,2.0293e-11,0.056925,3.5494e-19,5.9261e-19,0.0010954,0.014304,3.1059e-19,2.0775e-19,0.00030318,0.00012452,0.2461
0.12513,0.0011219,0.21002,0.003431,0.00010664,0.0032564,0.0016197,0.001103,0.073362,0.0019777,5.2388e-12,3.8902e-19,6.4949e-19,2.4192e-19,0.14882,3.404e-19,2.277e-19,0.00073932,2.0598e-05,0.4293
0.15002,0.00053227,0.040472,3.7837e-19,6.8135e-05,4.351e-07,0.065388,3.6109e-19,0.047421,0.0048526,0.12507,0.0028389,0.026583,2.1754e-19,6.4567e-19,0.001542,2.0475e-19,0.0018662,1.7163e-19,0.53335
0.076097,0.0039023,0.21637,0.042873,5.6177e-05,0.0053174,6.8245e-15,3.7672e-19,0.09729,0.00058367,0.060818,0.00084872,1.7189e-06,2.0336e-05,0.075172,3.1934e-19,2.1361e-19,0.0020869,1.7906e-19,0.41856
0.034805,0.0007183,0.068557,0.0036326,0.00012626,0.0079805,0.017482,1.5779e-19,1.3107e-19,0.0024031,2.1436e-19,0.0066911,2.5521e-19,9.506e-20,0.023275,1.3376e-19,0.0028947,0.00024151,6.2e-05,0.83113
0.081497,0.00023982,0.24727,1.3208e-06,0.0001987,0.0070986,8.7484e-05,4.2692e-19,0.038607,1.3191e-05,0.010022,4.1358e-19,0.00551,2.572e-19,0.009451,3.6189e-19,2.4207e-19,0.0014864,2.0292e-19,0.59851
0.074711,0.00041157,0.4424,8.2649e-09,7.0548e-05,0.0032125,0.038626,0.00023036,0.043483,0.0026093,0.031759,0.018185,8.7909e-19,7.2247e-05,0.020034,4.6073e-19,3.0819e-19,5.014e-19,2.5834e-19,0.3242
0.071086,0.0013832,0.37702,0.0079716,0.00017075,0.0031327,0.0038798,0.0002938,0.11356,0.00061313,0.047929,4.1518e-19,6.9317e-19,2.5819e-19,0.088458,3.6329e-19,2.4301e-19,0.00078839,4.8655e-05,0.28367
0.0484,0.0029081,0.40314,0.035033,0.00022904,0.0033029,0.02807,0.0003616,0.11941,0.00077615,0.048294,3.7046e-19,6.1851e-19,0.0006219,0.04299,3.2416e-19,2.1683e-19,8.2013e-07,0.00014357,0.26632
5.3291e-19,0.00039369,0.24084,0.28816,0.0002389,0.010599,0.015994,4.7637e-09,2.0718e-05,0.0038646,5.0275e-19,0.012116,0.0017714,0.00091963,6.6173e-19,0.0074849,2.0984e-19,3.4139e-19,1.759e-19,0.4176
0.11636,0.00029477,0.35432,0.0021154,4.0548e-05,4.0523e-19,0.011095,4.4496e-19,0.070599,0.004218,0.043955,0.0037792,7.1967e-19,2.6806e-19,0.03785,3.7718e-19,2.523e-19,0.003111,2.1149e-19,0.35226
0.04939,0.0054567,0.30395,0.065857,0.00016466,0.008088,0.0092483,0.0012324,0.080519,0.00039683,0.020188,0.001,7.104e-19,2.6461e-19,0.0665,3.7232e-19,2.4905e-19,1.3462e-10,6.9623e-05,0.38794
0.069648,0.00080049,0.32144,0.036854,0.00017065,0.0055295,0.0078713,0.0020448,0.071075,0.0003496,0.047219,0.00039783,6.1942e-19,6.8022e-05,0.033029,0.00010744,2.1715e-19,0.00088863,0.00048743,0.40202
0.065934,0.0020427,0.45489,0.019707,7.2884e-06,3.3494e-14,0.043258,0.00016777,0.083132,0.00041031,7.7238e-19,5.5077e-19,9.1955e-19,0.00012229,0.014555,4.8194e-19,3.2237e-19,0.0026172,2.7023e-19,0.31315
0.086664,0.00051553,0.31498,0.0081501,1.9296e-05,3.5153e-19,0.17116,3.8599e-19,0.21157,2.6408e-11,5.2438e-19,0.00077293,6.243e-19,0.00026393,1.0983e-15,3.272e-19,0.00031678,0.0087619,1.8346e-19,0.19682
0.1065,0.0018451,0.36147,0.012536,0.0001613,0.020347,0.0089244,0.00022915,0.10325,0.0039056,0.076632,6.5848e-05,7.7442e-19,2.8845e-19,0.065452,0.00021888,2.7149e-19,0.0023728,2.2758e-19,0.2361
0.062379,0.0017156,0.07072,0.0057979,0.0001029,0.0083312,1.9628e-05,4.8124e-19,0.026836,0.0022658,0.070749,0.00010953,0.0052344,0.0015446,0.067357,0.0079048,2.7288e-19,4.4395e-19,0.00048727,0.66844
0.11785,0.00052137,0.26794,0.042935,5.1642e-05,0.00070098,0.0043573,0.0012905,0.099034,0.00081281,0.051791,0.00071582,7.7316e-19,2.8799e-19,0.074267,4.0522e-19,2.7105e-19,0.0031986,2.2721e-19,0.33453
0.052127,0.00064925,0.33737,0.0040915,7.1135e-05,0.002331,0.03478,0.00043062,0.08629,0.0026566,0.0067107,0.0011667,0.0053582,0.00010506,0.042996,0.0046107,2.4716e-19,4.0211e-19,2.0718e-19,0.41826
0.031724,3.5428e-19,0.32251,0.015599,4.7805e-05,0.0062451,0.0024014,0.00016875,0.038151,0.0015821,0.058825,1.9965e-15,7.868e-19,0.00057309,1.3222e-14,0.0043857,0.00051861,4.4209e-11,0.0010693,0.5162
0.064248,7.4303e-06,0.28897,4.0278e-19,1.9909e-19,0.0020271,0.063688,3.8439e-19,0.10456,0.00010143,0.028469,3.7237e-19,6.217e-19,2.3157e-19,0.0074244,0.0030387,0.0023428,0.0011116,1.827e-19,0.43401
0.045814,0.010256,0.40943,0.026038,3.4742e-05,0.001341,0.048532,7.5432e-19,0.13327,3.4325e-19,0.0010884,0.00038439,4.6074e-19,0.001685,0.083305,2.4147e-19,1.6152e-19,2.6279e-19,1.354e-19,0.23882
0.077957,0.0029132,0.41063,0.028397,0.00010989,0.0057472,0.015331,0.001446,0.099379,0.00046859,0.027819,8.8026e-05,0.00064024,9.3336e-05,0.028365,2.6851e-19,1.7961e-19,0.0014765,1.5056e-19,0.29913
0.061817,0.00024106,0.027575,0.032451,7.6309e-07,7.8087e-19,0.0022377,0.0015878,2.9068e-19,4.2168e-19,4.7542e-19,0.0011224,0.026805,0.0056652,0.061231,2.9665e-19,0.0017929,3.2283e-19,0.00045295,0.77702
0.055305,8.2305e-08,0.0061924,6.945e-14,5.8627e-06,3.4072e-19,0.0048924,0.00017409,0.027448,0.0031981,0.0032951,0.00068397,0.00025709,2.2538e-19,0.028156,3.1713e-19,0.0033455,0.0052682,0.0003209,0.86146
0.073628,0.00052713,0.26113,0.00086444,6.035e-05,5.9555e-05,0.0019768,0.00088197,0.01107,0.0022402,0.026755,3.0157e-19,3.726e-06,8.2523e-05,0.0028226,2.6388e-19,0.0020597,0.0011268,0.00032232,0.61439
0.13024,0.011148,0.30517,3.2185e-13,2.3868e-19,0.0037902,0.0040865,3.3779e-14,0.058581,0.00083431,0.019303,0.00062631,7.453e-19,0.00076968,0.087854,3.9062e-19,2.6129e-19,4.2509e-19,2.1902e-19,0.3776
0.06948,0.0024051,0.38098,0.052196,0.00016199,0.0015194,7.7485e-07,0.00046211,0.10292,0.0016872,0.031109,7.6978e-05,7.3161e-19,2.7251e-19,0.11618,3.8344e-19,2.5649e-19,0.0021951,1.2844e-05,0.23862
0.080089,0.00017433,0.011939,4.3575e-19,4.4195e-05,2.6001e-09,0.038008,4.1585e-19,0.059419,0.0018149,5.6495e-19,0.0091956,0.00076298,2.5053e-19,0.040367,3.5251e-19,2.358e-19,0.004661,1.9766e-19,0.75352
0.03338,0.00016681,0.39122,4.0667e-19,2.0102e-19,0.0041333,0.1464,3.881e-19,0.082198,0.0023832,5.2725e-19,0.0082143,6.2772e-19,2.3381e-19,0.036059,0.00074364,2.2006e-19,1.6957e-08,1.8447e-19,0.2951
0.045881,0.0033044,0.45512,0.01195,2.189e-05,3.6928e-19,0.024192,0.000572,0.083831,0.00088169,5.5085e-19,3.9281e-19,6.5582e-19,2.4428e-19,0.088422,3.4372e-19,2.2991e-19,0.00025736,1.9272e-19,0.28557
0.10027,0.00031537,0.091853,3.9305e-19,1.8382e-05,3.4161e-19,0.007706,0.0003679,0.017097,3.0465e-14,5.0958e-19,0.0069038,0.021841,2.2597e-19,0.02173,0.00086943,0.0029812,0.0070262,5.294e-05,0.72097
0.087139,0.0012881,0.40569,4.1735e-19,2.063e-19,3.6273e-19,0.008835,3.111e-11,0.047365,0.0045404,0.001579,3.8585e-19,6.442e-19,0.00013153,0.075217,3.3763e-19,2.2584e-19,0.00095547,1.8931e-19,0.36726
0.057111,5.1028e-05,0.47329,0.025088,8.4549e-05,0.0006794,0.084073,1.1249e-06,0.10935,0.05411,0.038947,0.0079115,8.8081e-19,3.2808e-19,0.017745,4.6164e-19,3.0879e-19,0.001397,2.6635e-05,0.13013
0.0078988,0.011895,0.40655,0.067441,4.947e-05,0.0073335,0.0039003,4.3006e-19,0.063445,0.00062675,5.8424e-19,0.002336,6.9557e-19,0.00043263,0.078498,3.6455e-19,2.4385e-19,3.9673e-19,2.0441e-19,0.34959
0.043652,0.00019669,0.1753,1.113e-14,1.752e-19,0.0018221,0.12337,3.3826e-19,0.14357,0.0032157,0.00057233,3.9048e-16,5.471e-19,0.00012688,0.11296,0.0020039,1.918e-19,0.0038331,1.6078e-19,0.38938
0.035146,0.0007355,0.29751,0.083944,6.9459e-05,0.0036815,0.01663,0.0013079,0.12718,0.00078805,0.010622,0.0014356,0.0015199,0.00037008,0.062406,4.2283e-19,2.8283e-19,4.6015e-19,0.00031149,0.35634
0.069343,0.0021223,0.092423,0.0011716,0.00012729,8.799e-05,8.748e-11,4.2135e-19,0.026911,0.0042504,0.067606,0.00011914,0.031545,0.00024087,0.075583,3.5717e-19,2.3891e-19,0.00044879,2.0027e-19,0.62802
0.08347,0.00024222,0.15013,3.2209e-12,2.3773e-19,0.0046297,0.004011,3.7075e-05,0.012181,0.00097283,0.0040035,3.0078e-09,0.022922,0.00023198,2.4369e-17,0.0012333,2.6025e-19,0.0052987,9.7972e-05,0.71054
0.055267,3.3875e-19,0.070337,6.0037e-05,2.4092e-19,0.0021033,0.00032003,0.0018953,0.028195,0.0028303,0.019919,0.0013099,0.039334,0.0051118,0.024348,7.466e-13,2.6374e-19,0.0036195,0.00073508,0.74461
0.056078,0.004637,0.33931,0.09657,1.9135e-19,0.0023825,0.0072828,3.6944e-19,0.035642,4.4516e-19,5.0189e-19,0.00024638,5.9753e-19,0.0013824,0.098321,3.1317e-19,0.00015047,3.4081e-19,0.00025133,0.35775
0.050836,0.010301,0.34271,0.011537,0.00017289,0.0054718,0.0016813,2.9151e-19,0.079491,3.5126e-19,0.00074646,0.0013288,4.7148e-19,0.0011636,0.12831,0.00079374,0.00068664,0.00019181,0.00041494,0.36416
0.064712,3.0706e-19,0.35168,0.00093013,2.7596e-05,0.0010025,0.034964,0.00097024,0.019026,0.0040579,0.000165,4.0845e-19,6.8193e-19,0.00032071,2.1757e-07,0.0048843,0.0061653,0.0016806,0.00094702,0.50847
0.092543,0.0065091,0.38734,0.094197,5.0538e-05,0.0025486,0.0061601,4.6543e-19,0.076406,0.0008471,0.017686,4.5088e-19,7.5278e-19,6.6816e-05,0.07493,3.9453e-19,2.6391e-19,4.2936e-19,2.2122e-19,0.24071
0.055398,0.0046991,0.39602,0.077511,7.8873e-05,0.0015947,0.012085,0.00121,0.091458,0.0040699,6.3944e-19,0.00049732,7.6129e-19,7.2163e-05,0.10027,3.9899e-19,2.6689e-19,0.00023533,2.2372e-19,0.2548
0.034904,0.0023618,0.18433,2.9113e-06,1.1834e-19,0.0071312,0.031546,2.2848e-19,0.049687,2.7531e-19,3.1039e-19,0.00033076,3.6953e-19,0.00010079,0.10427,0.00024621,1.2955e-19,1.6288e-06,1.0859e-19,0.58508
0.056142,0.00049358,0.40542,0.0034437,9.7961e-06,0.00078705,0.049138,8.0394e-19,0.12539,0.0015977,0.025526,4.2681e-19,7.1259e-19,5.0507e-05,0.011662,3.7347e-19,2.4982e-19,5.4411e-07,2.0941e-19,0.32033
0.11447,0.032942,0.16452,0.012683,2.2058e-05,0.0019999,0.0019917,7.1238e-06,0.022527,0.0016032,0.0022917,0.0020077,5.8498e-19,0.0013672,0.21443,0.0013909,2.0508e-19,3.3365e-19,1.7191e-19,0.42575
0.028012,0.0070094,0.24894,0.016381,7.304e-06,0.0027248,0.09038,2.0279e-15,0.15743,0.00075457,0.018938,3.3177e-19,0.00032846,2.0632e-19,0.047647,0.0077621,1.9419e-19,3.1593e-19,1.6278e-19,0.37369
0.057365,0.0014213,0.26286,0.0014412,7.4329e-05,0.0048975,0.014496,0.0019337,0.090149,0.00081347,0.061313,1.3426e-05,5.1996e-19,0.00017771,3.3284e-10,2.7251e-19,1.8228e-19,2.9418e-05,0.00019905,0.50282
0.071682,0.0068662,0.42754,3.5884e-19,1.7738e-19,0.0050748,1.8513e-05,3.9116e-11,0.049497,0.0013018,4.6524e-19,0.0084464,5.5389e-19,2.0631e-19,0.04352,0.00092216,1.9418e-19,0.0017807,1.6277e-19,0.38336
0.085239,0.044049,0.17349,0.012653,1.8168e-19,0.0032134,0.0063794,3.5077e-19,0.01406,4.2267e-19,4.7653e-19,0.0056051,5.6733e-19,0.0050544,0.25989,2.9734e-19,0.0023098,3.2359e-19,1.6672e-19,0.38806
0.052409,0.00024907,0.29108,3.8584e-19,1.9072e-19,0.013301,6.9247e-14,3.6822e-19,0.028171,0.00077497,5.0024e-19,0.023813,5.9556e-19,0.00029911,0.036772,0.0027675,0.0070223,0.017271,1.7502e-19,0.52607
0.019439,0.0012345,0.57299,0.0056996,4.5412e-05,0.0028394,0.016361,0.00063329,0.095908,0.0049999,5.0708e-19,0.0043314,6.037e-19,0.00022591,0.081507,0.00025223,2.1164e-19,0.0002111,1.7741e-19,0.19332
0.054221,0.0089456,0.17728,0.033272,9.1033e-05,0.0083154,0.0083035,0.00039495,0.054788,0.00022983,0.045626,9.5951e-05,0.0071329,0.00046431,0.072719,2.8893e-19,1.9327e-19,3.1443e-19,0.00059534,0.52753
0.065311,0.0010034,0.31832,1.6873e-17,0.00022156,0.0041665,0.0056376,3.59e-19,0.053054,0.0016339,0.060552,3.4778e-19,5.8064e-19,2.1628e-19,0.012967,0.0045145,0.00044539,0.00088005,1.7063e-19,0.47129
0.046591,0.00057878,0.0066629,0.051752,3.2221e-05,0.0019962,0.0068126,0.0037352,0.029415,0.0013189,0.088569,0.0010879,0.039851,0.00057882,0.0066017,2.6042e-19,1.742e-19,0.0008871,0.00025027,0.71328
0.033612,0.0026216,0.33202,3.837e-19,2.7542e-05,0.0019914,0.008994,3.6618e-19,0.030178,0.0011027,4.9746e-19,3.5474e-19,5.9226e-19,1.4962e-06,0.0044083,6.4009e-14,0.0012855,0.0018308,1.7405e-19,0.58193
0.075402,0.014241,0.17782,8.598e-06,2.4257e-19,4.2651e-19,7.3395e-19,4.6833e-19,0.041736,1.1562e-14,0.04616,9.1409e-05,0.0021196,2.8214e-19,0.015954,3.9699e-19,0.00087767,7.8651e-07,0.00025865,0.62533
0.042225,0.0065959,0.3895,0.0065288,5.3006e-05,0.0056239,0.010622,0.00045347,0.061709,2.7754e-16,0.020337,4.4167e-19,7.374e-19,2.7466e-19,0.050875,3.8647e-19,2.5852e-19,0.00047327,2.167e-19,0.405
0.04737,7.3874e-05,0.097271,3.6932e-19,1.8256e-19,1.0114e-15,0.0059321,3.5246e-19,0.030601,4.247e-19,4.7882e-19,0.0018781,5.7006e-19,2.1233e-19,0.015256,2.9877e-19,0.0026005,0.0017885,1.6752e-19,0.79723
0.035299,0.00045868,0.47782,0.014562,0.00012814,4.2208e-19,0.021633,0.00024254,0.036117,0.011399,6.2963e-19,4.0819e-05,7.496e-19,8.6601e-05,0.00044538,3.9287e-19,0.0011547,0.0017746,0.00011352,0.39872
0.071975,0.0011617,0.20684,0.0317,5.4824e-05,0.0021263,0.0040414,4.0536e-19,0.082829,4.8845e-19,0.020582,3.9269e-19,6.5563e-19,2.4421e-19,0.10759,3.4362e-19,2.2985e-19,3.7395e-19,1.9267e-19,0.4711
0.056492,0.00053821,0.22957,0.00022371,6.5926e-05,0.0060314,0.0040515,0.001461,0.023255,0.0050211,0.062408,0.00037187,5.6586e-19,0.00013723,0.012637,2.9657e-19,0.001517,0.00071925,1.2615e-05,0.59548
0.052648,0.0019548,0.52805,0.030197,8.933e-05,0.0016205,0.011484,0.0001678,0.14592,0.0030041,0.00011236,4.6441e-19,7.7536e-19,5.7349e-05,0.076356,4.0637e-19,2.7182e-19,0.00016556,2.2786e-19,0.14818
0.047281,0.0034166,0.16026,0.031222,2.8494e-19,5.01e-19,0.25421,1.923e-05,0.27278,7.0174e-09,0.015256,5.3292e-19,8.8975e-19,3.3141e-19,0.073319,4.6632e-19,3.1193e-19,0.00017348,2.6147e-19,0.14207
0.10007,0.0042879,0.35482,0.021698,6.8589e-05,0.00075305,0.016893,4.8681e-05,0.11922,0.00048386,0.055713,7.2221e-06,6.1588e-19,0.00020237,0.088597,3.2279e-19,2.1591e-19,0.00091891,3.3369e-05,0.23619
0.1134,0.0018687,0.3172,0.011754,2.5084e-19,0.0040726,0.00069824,0.00012047,0.12565,0.0040222,0.03747,0.0049166,7.8327e-19,2.9175e-19,0.089726,0.0094819,2.746e-19,4.5938e-05,2.3018e-19,0.27957
0.055816,0.0042151,0.3492,0.0014152,0.00019781,0.001697,0.011235,1.1455e-05,0.052506,0.0044068,0.04436,3.0363e-19,5.0693e-19,1.8882e-19,0.081838,0.0016617,0.0030427,1.5745e-15,0.00016542,0.38823
0.056445,0.0027753,0.21031,0.37356,0.00026938,0.0041702,0.011683,4.3372e-19,0.068745,0.0063208,0.040021,0.0025407,8.3885e-05,2.6129e-19,0.00014958,0.012038,0.0029111,4.001e-19,0.00073723,0.20724
0.044284,0.0010869,0.34469,0.013779,0.00014734,0.0022178,0.0036652,0.00049595,0.047307,0.0016784,0.045126,0.0023299,5.9868e-19,0.00020826,1.3429e-07,3.1377e-19,2.0988e-19,3.4146e-19,0.00023914,0.49274
0.083441,0.0016205,0.24378,0.0049213,0.00016195,0.0027102,0.012138,0.0010517,0.047021,0.0039967,0.044969,0.001255,0.014647,0.0007332,0.0031463,0.0046431,2.426e-19,0.0019136,0.00033285,0.52752
0.039631,0.00078457,0.0036825,0.0026466,1.9328e-19,0.00072009,0.0092945,0.00030188,0.026687,0.00024839,5.0694e-19,3.6149e-19,0.015949,0.00077766,0.012367,3.1632e-19,0.00067707,0.0022525,0.0003084,0.88367
0.072568,0.00025809,0.33081,4.6412e-19,0.00035479,0.0025513,0.069596,4.4293e-19,0.14431,0.0025001,0.015653,0.0075657,7.1638e-19,2.6684e-19,0.046415,0.0058773,2.5115e-19,4.086e-19,2.1052e-19,0.30154
0.10254,0.0021493,0.22828,5.1067e-19,0.00038197,0.001571,0.029535,4.8735e-19,0.033402,0.019549,0.03013,0.00076905,7.8824e-19,6.2752e-05,0.10777,4.1312e-19,2.7634e-19,0.00099218,2.3164e-19,0.44287
0.080335,0.0061424,0.29333,0.021999,0.00015593,0.0031153,0.00091484,3.1768e-19,0.045171,0.0010882,0.091198,3.0775e-19,5.1381e-19,0.0035335,0.068581,0.00065904,1.8013e-19,1.7927e-08,4.7071e-05,0.38373
0.094067,0.0081814,0.27287,0.0083219,9.7921e-05,0.0029817,0.00014063,7.7921e-16,0.021798,0.00054066,0.021387,4.4783e-19,7.4768e-19,0.00034296,0.10352,3.9186e-19,2.6212e-19,0.00035333,0.00024665,0.46515
0.063066,0.0046561,0.32205,0.083457,6.7708e-05,0.0021615,0.0041707,0.00070414,0.098465,0.0023293,0.039432,4.52e-19,7.5464e-19,2.8109e-19,0.082791,0.0015773,2.6456e-19,4.3042e-19,2.2177e-19,0.29507
0.0711,0.00054342,0.37993,1.1011e-10,2.445e-05,0.0028197,0.069524,3.9837e-19,0.10929,0.0014446,0.01756,0.00031531,6.4432e-19,0.0021631,0.066579,3.3769e-19,2.2588e-19,0.00081142,4.3081e-05,0.27785
0.077568,0.01348,0.11964,0.0012923,5.1103e-08,0.0039953,0.015507,5.1989e-19,0.0080191,6.2646e-19,7.0629e-19,0.00042338,0.0070786,0.00094691,0.067297,0.002984,0.0045883,6.4199e-05,2.4711e-19,0.67711
0.075266,0.00051845,0.31694,0.04429,6.1671e-05,0.0012991,0.0034903,0.00044269,0.15978,0.0023987,0.031273,0.00061807,6.3231e-19,2.3552e-19,0.094079,3.314e-19,2.2167e-19,0.00045255,1.8582e-19,0.26909
0.053696,2.7769e-05,0.16268,3.598e-19,0.00014321,0.00093676,0.077092,0.000925,0.064298,0.0030822,0.040266,3.3264e-19,0.014264,2.0686e-19,0.041423,0.00092399,0.00068715,1.3136e-16,0.00056304,0.539
0.069759,0.0055643,0.18602,0.049436,0.00013774,0.0058042,0.006302,0.00040533,0.089773,0.0004836,0.087213,0.0016668,5.2816e-19,0.00030676,0.073231,0.00081695,1.8516e-19,0.00011038,0.00023903,0.42273
0.083783,0.00013322,0.19939,0.00017541,9.0952e-05,3.4989e-19,6.0211e-19,3.842e-19,0.070546,0.005298,0.086459,0.00029226,6.214e-19,0.00076421,0.090381,3.2568e-19,2.1785e-19,0.00083208,1.8261e-19,0.46185
0.015238,0.008085,0.066237,0.21608,0.00010303,0.00091924,0.0024261,2.9004e-19,2.4092e-19,0.002602,3.9403e-19,0.0033484,0.010419,0.00091669,0.0051191,1.8813e-12,1.6446e-19,2.6756e-19,0.00011182,0.6684
0.089974,0.0035902,0.24647,0.0087553,0.00013365,3.3409e-19,0.0038513,3.6684e-19,2.9795e-05,4.6114e-05,0.0082888,3.5537e-19,9.4783e-18,0.0017747,0.10028,5.2053e-19,0.00072692,0.00042357,0.00084683,0.53481
0.045367,0.00035126,0.43191,0.05945,8.6885e-05,0.0034624,0.085419,0.00063042,0.10974,0.00044981,0.0065871,1.4133e-15,7.1945e-19,0.00030446,0.010888,3.7707e-19,2.5222e-19,0.002314,1.7835e-05,0.24302
0.081307,0.00055419,0.081806,0.005001,3.0289e-19,0.0010616,0.010169,0.0024533,0.044869,0.0010509,0.089654,5.6651e-19,0.0079834,6.7581e-05,0.070735,4.9571e-19,3.3158e-19,0.0018641,0.00073374,0.60069
0.005237,0.00020366,0.33943,0.053341,9.9485e-05,0.0033243,0.0053076,0.0032731,0.070755,0.01114,0.019306,0.010741,5.7143e-19,0.00010577,0.24625,0.001692,2.0033e-19,4.777e-18,2.4378e-05,0.22977
0.038501,0.0059544,0.41693,0.00041186,2.2407e-19,0.001712,0.01251,0.00052806,0.094022,0.0064393,5.877e-19,0.0050635,0.00042947,2.6061e-19,0.078817,0.0021577,2.4529e-19,3.9907e-19,2.0562e-19,0.33653
0.08772,0.00021011,0.045802,0.0095179,4.0535e-05,0.0016665,0.00033528,0.00064521,0.033633,0.0020056,0.038944,0.0017496,0.032777,0.00058599,0.0077703,4.1906e-19,2.8031e-19,3.9803e-08,0.00025844,0.73634
0.089197,0.00015226,0.087776,4.0493e-19,1.2428e-16,0.0089932,0.0008828,0.00056567,0.032068,0.0014994,0.058606,0.0081314,0.026942,0.0055652,0.0020227,0.0003752,2.1912e-19,0.0029177,1.8367e-19,0.67431
0.078919,0.00096608,0.39384,1.8711e-05,6.2526e-05,4.0193e-19,0.029581,4.5183e-13,0.15335,0.0030958,0.047287,0.0053711,7.1382e-19,2.6588e-19,0.11583,3.7411e-19,2.5025e-19,0.0022907,2.0977e-19,0.16939
0.02188,0.0020309,0.36171,0.25909,0.00031573,0.003706,0.0039636,0.00018529,0.10911,0.0047186,0.018375,0.0011914,8.3718e-19,3.1183e-19,0.0015432,0.0044078,0.0058151,4.775e-19,2.4602e-19,0.20196
0.031993,0.0055331,0.27097,0.3703,0.00032555,0.0053778,0.0081834,3.1557e-19,0.025867,0.0054618,4.2871e-19,0.0056983,2.0076e-05,0.00010044,0.0045248,0.0082851,0.0024183,2.4373e-08,9.4268e-05,0.25485
0.022383,0.00079105,0.1548,0.0013658,1.6158e-05,0.0010044,0.0059809,0.00085596,0.033856,0.0010757,4.5587e-19,3.2507e-19,0.018039,0.0018109,0.0012781,0.00050282,0.00099889,0.0027847,0.00063752,0.75182
0.093186,0.00011485,0.16774,5.4029e-19,6.7445e-05,4.6958e-19,0.0096608,5.1562e-19,0.046121,0.0017445,0.0036668,0.00861,0.0026651,3.1063e-19,9.7857e-12,4.3708e-19,2.9236e-19,0.0032542,2.4507e-19,0.66317
0.040549,0.00017094,0.28345,0.012091,3.3871e-05,0.0020112,0.0029673,4.4068e-19,0.048634,0.0030422,0.039759,0.0013375,7.1275e-19,0.0045919,0.073633,3.7356e-19,2.4987e-19,4.2343e-07,8.8958e-05,0.48764
0.084543,0.011308,0.33923,0.022728,4.5749e-05,5.2472e-07,0.0010601,3.3443e-19,0.037441,4.0298e-19,4.5433e-19,0.00011083,5.409e-19,0.0011077,0.090766,2.8349e-19,0.00013623,0.0032986,5.1664e-05,0.40817
0.12005,2.5574e-19,0.19025,8.7144e-09,0.00014381,3.198e-19,0.015515,0.00028238,0.09406,0.003334,0.033266,0.00090306,2.56e-11,0.001157,0.00024906,0.000726,0.0027482,0.0067776,9.4359e-05,0.53044
0.052917,0.00089779,0.41321,3.086e-06,2.7348e-19,4.8085e-19,0.015509,2.5313e-06,0.12942,0.00013405,7.1729e-19,5.1149e-19,8.5397e-19,3.1808e-19,0.022322,4.4757e-19,2.9938e-19,0.0013352,2.5096e-19,0.36425
0.12811,0.00010484,0.039673,0.00025769,1.9765e-19,0.0041508,0.0081393,0.00080458,0.0026901,0.00072368,0.0026766,0.00069508,0.046174,0.0067447,6.8234e-19,0.0030015,2.1637e-19,0.0042487,0.00019063,0.75162
0.098409,0.0043392,0.36778,4.2766e-15,7.5429e-05,5.3037e-13,1.8555e-09,4.8166e-19,0.090047,0.0016214,6.5435e-19,0.0034514,7.7903e-19,4.5992e-05,0.22747,4.0829e-19,2.7311e-19,0.0045852,8.3381e-05,0.20209
0.081678,0.00078581,0.32841,0.013197,0.00012892,0.0022986,0.0076428,0.00039118,0.080474,0.00056098,0.093728,0.014268,0.00020227,0.00023432,0.053546,2.5205e-13,2.4366e-19,0.00081737,0.00013042,0.32151
0.09779,0.00042783,0.32756,2.7174e-12,2.0777e-05,1.3017e-10,0.041975,3.9056e-19,0.10216,0.0041625,0.07944,3.4693e-05,6.3169e-19,0.00068827,0.051396,9.8942e-05,2.2146e-19,0.0018941,1.8563e-19,0.29235
0.057612,0.0025672,0.043951,4.9016e-19,2.4229e-19,0.0023476,0.029866,4.6778e-19,0.051663,5.6366e-19,6.3549e-19,4.5316e-19,7.5658e-19,0.0017907,1.2256e-05,3.9653e-19,0.010734,0.0047742,1.4946e-05,0.79467
0.10475,0.0045269,0.23338,0.038995,0.008161,0.0024238,0.00026927,0.012863,0.060141,0.00075286,0.048316,0.0013361,0.038349,0.00092266,0.12199,1.0086e-08,3.4857e-19,5.6709e-19,0.00025275,0.32257
0.078671,0.00032539,0.38449,0.0050845,0.00021691,0.00077326,0.15065,5.2085e-19,0.12556,0.00040581,0.06292,0.0059151,1.5955e-08,3.1378e-19,0.056749,4.4152e-19,0.00052843,0.0018641,0.0001818,0.12566
0.067102,0.00024072,0.2733,0.0003353,3.7579e-05,0.010516,4.9009e-05,0.00033694,0.053288,0.00066374,0.025533,0.0041483,1.2815e-16,0.00025751,0.021089,3.6253e-19,0.00051024,0.0084163,3.1202e-05,0.53415
0.039364,0.0047414,0.31328,0.024185,0.00014725,0.0052414,0.0049311,2.9248e-19,0.078954,0.0026337,0.0026209,0.0036327,4.7305e-19,0.00027147,0.040979,2.4793e-19,1.6584e-19,0.0012876,1.8397e-05,0.47771
0.051946,0.0082498,0.25616,0.064724,7.5472e-05,0.0045306,0.0027402,6.2632e-05,0.094617,0.00034054,0.024236,0.00066198,6.8658e-19,0.00012523,0.12751,3.5984e-19,2.407e-19,3.7552e-12,2.0177e-19,0.36402
0.062427,2.6768e-19,5.5802e-11,3.008e-11,1.9038e-19,0.0026624,0.019476,0.00055458,0.0037369,0.00066104,0.0088274,3.5607e-19,0.029961,0.0021584,6.5722e-19,3.1157e-19,0.0021324,0.0026767,0.00027554,0.86445
0.040201,0.0032588,0.41559,0.02481,0.00018432,0.0040312,0.0033369,0.0016444,0.062337,0.0024014,4.7823e-19,0.00043653,5.6936e-19,0.0003644,0.041696,9.2729e-12,1.996e-19,0.0031422,2.8505e-05,0.39653
0.043641,0.0019155,0.067134,0.0027483,5.4283e-05,0.0035911,0.0056751,8.1698e-05,0.046367,4.5484e-19,0.03538,3.6567e-19,6.1052e-19,2.274e-19,0.030418,3.1998e-19,0.00079757,0.00037659,0.00022476,0.7616
0.06801,0.00059019,0.26784,0.0033754,2.4261e-05,0.00076765,0.15347,2.7968e-19,0.19269,0.0020085,0.0095938,0.0029764,0.0023911,1.6849e-19,0.06729,2.3708e-19,1.5858e-19,0.0013218,1.3293e-19,0.22765
0.070244,0.00062267,0.35763,0.055538,1.5343e-19,2.6977e-19,0.0038766,0.00014418,0.054396,3.5694e-19,0.0015602,2.8696e-19,4.791e-19,0.0023257,0.12937,2.511e-19,1.6796e-19,0.0019828,3.7296e-05,0.32227
0.038137,3.6761e-10,0.12645,4.7606e-19,1.8778e-05,1.347e-07,0.017072,7.1421e-05,0.038812,0.0027821,6.1721e-19,4.259e-09,0.00054524,2.737e-19,8.1237e-19,3.8512e-19,0.0039931,0.0087353,2.4388e-05,0.76336
0.013336,0.00020369,0.33923,0.0039659,0.00015456,3.3904e-19,1.535e-09,3.7228e-19,0.035413,0.0056035,5.0575e-19,0.004504,6.0212e-19,0.00015352,0.018676,3.1557e-19,0.0022443,0.011994,1.7694e-19,0.56452
0.021657,0.0055239,0.20812,0.030949,2.1986e-19,0.0024267,5.0282e-18,0.00011456,0.050423,0.002588,5.7667e-19,0.011972,6.8655e-19,0.00010136,0.18703,3.5983e-19,2.4069e-19,3.9158e-19,2.0176e-19,0.47909
0.16473,0.0006356,0.24919,0.0085707,4.9484e-05,0.0010706,5.4438e-19,3.5025e-11,0.11971,0.0026898,0.07539,0.00040909,5.6182e-19,2.0926e-19,0.10066,0.00090469,1.9696e-19,0.00067633,1.651e-19,0.27532
0.035936,3.7509e-05,0.17143,0.012204,1.7821e-19,0.0011053,0.023356,0.0025343,0.073851,4.1459e-19,9.1094e-14,0.0024544,0.021747,0.0026987,0.082545,0.0050735,0.0027691,1.9638e-12,0.00035604,0.5619
0.061873,7.364e-06,0.3276,5.1501e-19,3.9547e-06,4.4761e-19,0.030318,4.915e-19,0.047017,0.0050035,6.6771e-19,0.01221,7.9494e-19,2.961e-19,0.0043688,6.1929e-17,2.7869e-19,0.0019338,2.3361e-19,0.50966
0.068743,3.0997e-12,0.06989,0.0075192,1.5989e-19,0.0042576,0.023921,3.087e-19,0.017376,3.7198e-19,4.1938e-19,0.0075528,0.0048236,0.00087607,0.046246,0.0013941,1.7504e-19,0.0050655,1.4673e-19,0.74234
0.19219,9.3307e-05,0.26294,4.3664e-19,0.00014477,3.795e-19,0.0020063,4.167e-19,0.072414,0.00096322,0.039614,0.0042379,0.00053721,2.5104e-19,0.016246,3.5323e-19,0.00064781,0.0053501,1.9806e-19,0.40262
0.13332,0.0059165,0.33482,0.029956,0.00015998,0.0064375,0.0019407,0.00032431,0.067608,0.0007563,0.056876,0.0030146,5.6862e-19,2.118e-19,0.042718,0.019306,1.9935e-19,3.2432e-19,1.671e-19,0.29684
0.066331,8.4737e-05,0.12062,3.572e-19,8.5431e-05,0.0083721,0.0074841,1.0991e-18,0.021108,0.002742,4.631e-19,0.001827,0.0076241,2.0536e-19,0.0010501,0.0060905,0.00033814,0.0049307,1.6202e-19,0.75132
0.077798,0.0031324,0.33236,0.043532,8.8548e-05,0.0019563,0.0068434,4.0607e-19,0.11547,0.0020136,0.052728,3.9338e-19,6.5677e-19,2.4463e-19,0.073018,3.4422e-19,2.3025e-19,3.2668e-08,1.93e-19,0.29106
0.11189,0.0029696,0.18794,4.2758e-19,1.561e-09,3.7162e-19,6.395e-19,4.0806e-19,0.062925,0.00030486,0.063055,3.953e-19,6.5999e-19,2.4583e-19,0.033248,3.459e-19,2.3138e-19,0.0042595,2.6558e-05,0.53339
0.070133,0.00014967,0.059177,0.0021143,1.9842e-19,3.4888e-19,0.0098165,0.00032976,3.1819e-19,0.0013571,5.2042e-19,3.7111e-19,0.0091071,0.0016492,6.8498e-19,0.00040448,0.0033809,0.0039218,0.00024445,0.83821
0.055524,0.0027753,0.43853,0.016971,7.9424e-05,0.00085548,0.0016217,4.0516e-19,0.078504,0.0012466,0.0023551,3.925e-19,6.553e-19,2.4408e-19,0.01918,3.4344e-19,2.2973e-19,0.003119,1.9257e-19,0.37924
0.054426,0.0014743,0.30061,0.012095,8.0063e-05,0.0027983,0.054337,8.9371e-05,0.11472,0.003099,0.015743,0.00019196,5.6992e-19,0.00042108,0.11723,2.987e-19,1.998e-19,3.2506e-19,2.3836e-05,0.32265
0.11302,0.00059123,0.26896,0.0004076,0.00012046,9.4902e-17,0.016108,2.5371e-19,1.4812e-10,0.0019948,0.01454,2.4578e-19,4.1034e-19,1.5284e-19,4.5365e-19,0.0044007,0.004364,0.00070571,0.0002299,0.57455
0.04164,2.8871e-19,0.28828,2.6594e-07,3.3896e-05,0.0012419,0.022057,3.9643e-19,0.072714,0.0023619,5.3856e-19,0.011702,6.4118e-19,2.3882e-19,0.011561,3.3605e-19,0.0011304,0.00015321,1.8842e-19,0.54712
0.1092,0.0055587,0.095304,0.0012568,0.00011785,0.0066467,0.00062462,0.00023217,0.023838,0.00020484,0.079229,0.00070594,0.0047743,0.00063171,0.036842,0.0041289,0.0045344,0.00088418,0.00017491,0.62511
0.061628,0.0056112,0.21056,0.03085,0.00011992,0.0086553,0.003389,0.00079656,0.065799,0.0008865,0.059909,0.0036466,0.0097082,0.00065389,0.052504,3.0246e-19,2.0232e-19,0.0015267,0.00027431,0.48348
0.060097,0.0010588,0.28456,0.046684,0.00018379,0.0026036,0.0061534,0.00015517,0.10997,0.00066255,0.065121,0.0097496,0.014023,0.0040863,0.027389,0.0027311,2.0676e-19,3.3639e-19,0.00026896,0.3645
0.019099,2.1714e-19,0.34245,0.022781,0.00016201,0.0050747,0.17193,0.003828,0.24787,0.0018411,0.058531,0.017573,0.026265,1.7962e-19,0.0014254,0.002,9.224e-16,0.023036,1.4172e-19,0.056132
0.10532,2.9467e-19,0.098484,4.2397e-19,2.0957e-19,0.0011321,0.0078516,4.0461e-19,0.012778,0.0017226,0.050711,0.0033993,0.0093248,2.4375e-19,0.0063268,3.4298e-19,5.097e-05,0.0010605,1.9231e-19,0.70184
0.024872,0.0014895,0.49325,3.2952e-05,0.00011645,0.0021874,0.042874,2.8516e-14,0.13256,0.0013262,5.8818e-19,0.00075225,7.0026e-19,0.00012067,0.013512,3.6701e-19,2.4549e-19,5.5726e-05,2.0578e-19,0.28685
0.096661,0.0070051,0.40987,0.0027098,0.00023888,0.0025252,0.024358,8.6534e-05,0.071734,5.6828e-06,0.053711,5.1714e-19,8.634e-19,9.7763e-05,0.065954,0.0027754,0.0019659,2.11e-08,0.00015928,0.26014
0.048293,4.5642e-05,0.31838,7.6192e-08,0.00023203,0.0039892,1.9374e-16,1.6069e-05,0.078148,0.0034487,0.102,3.5838e-19,1.7001e-16,2.2287e-19,0.018511,0.020676,2.0976e-19,3.4127e-19,1.7583e-19,0.40627
0.13652,0.001153,0.16297,3.6719e-19,7.5411e-05,0.0085996,2.296e-11,0.00021804,0.039466,0.0059382,0.070879,3.3947e-19,5.6677e-19,2.1111e-19,0.022324,0.0023681,1.987e-19,0.0025352,1.6656e-19,0.54695
0.10143,0.00013762,0.010039,3.1958e-19,1.5797e-19,0.010207,0.0045148,3.0499e-19,0.020817,1.5374e-09,0.054347,0.0016501,0.01485,1.8374e-19,0.025417,0.0013529,1.7294e-19,5.3621e-06,1.4496e-19,0.75523
0.041624,0.0022702,0.31934,0.00018479,1.5325e-19,0.0019857,1.1591e-18,2.9587e-19,0.035175,0.00045872,4.0195e-19,0.0032785,4.7854e-19,0.00057307,0.15156,0.0030617,0.0027921,2.7294e-19,1.7862e-05,0.43769
0.079545,0.0014464,0.35977,7.421e-19,8.6836e-05,0.0024369,8.4602e-09,7.6561e-19,0.035354,0.001852,0.011665,0.0050778,5.1053e-19,0.0001092,0.042069,0.0036304,1.7898e-19,0.002563,1.5003e-19,0.45439
0.088935,0.0089419,0.11792,3.323e-19,4.3154e-05,0.014452,4.97e-19,3.1713e-19,0.030724,3.8213e-19,0.065167,0.00049998,0.00038597,0.00020054,0.060581,0.0025091,1.7982e-19,0.0016285,2.4471e-05,0.60799
0.06045,0.00018071,9.3257e-19,0.013653,0.00014859,0.00064307,0.0045282,0.0069189,0.015629,0.0044967,0.12461,0.0023829,0.055746,0.00077167,0.093646,0.0009985,2.2274e-19,3.6239e-19,0.00089297,0.6143
0.085247,2.571e-19,0.27296,3.6991e-19,0.00012602,0.0027312,0.062754,3.5302e-19,0.085912,0.0010453,0.026496,0.0015702,5.7097e-19,2.1267e-19,0.00047778,0.0011473,0.0054149,3.2566e-19,1.6779e-19,0.45412
0.066699,0.00096333,0.17624,0.002832,2.1488e-05,2.407e-18,0.006608,3.2751e-19,6.529e-16,0.0025363,0.026767,0.0031763,0.037353,0.00015162,1.337e-16,0.0019299,1.8571e-19,3.0213e-19,3.1645e-06,0.67471
0.094606,0.0028402,0.27268,0.033233,0.00022553,0.0059811,0.0076098,0.0023697,0.065715,0.0037283,0.079253,0.00038505,0.0015792,2.2863e-19,0.013315,0.0026394,2.1519e-19,3.501e-19,1.8038e-19,0.41384
0.079699,0.0034952,0.26624,0.0038251,0.00011515,0.002717,0.0032171,2.9977e-19,0.0097732,0.0044975,0.029383,0.00019373,4.8484e-19,0.00016819,0.11327,2.5411e-19,1.6997e-19,2.7653e-19,1.4248e-19,0.48341
0.050494,1.9188e-19,0.19482,0.00032205,1.524e-05,2.3995e-19,0.013348,0.00048116,0.021263,0.0029672,0.025059,0.00066048,0.011015,1.1598e-05,0.0084845,0.00069889,0.0045346,0.00076935,0.00022223,0.66483
0.089529,0.0021114,0.088774,0.00052267,0.00020677,2.8581e-19,0.01464,3.1383e-19,0.0086249,0.004218,0.069078,0.00044251,5.0759e-19,0.00024956,0.0054526,0.015015,0.0044695,2.8951e-19,4.9044e-05,0.69662
0.080445,0.0065008,0.39174,0.098247,7.6775e-05,0.002309,0.0089945,5.0954e-19,0.080092,0.0017499,0.0082602,0.00062738,3.7371e-12,3.6776e-05,0.020761,0.0024385,0.00017325,4.7005e-19,2.4219e-19,0.29755
0.1666,4.5909e-15,0.20817,0.0020069,2.188e-19,3.8471e-19,0.008352,4.2243e-19,0.030589,0.00069556,0.011605,0.00082412,0.0059544,0.0023794,0.1117,0.010419,8.3353e-16,0.00070411,0.00011465,0.43989
0.050818,0.001217,0.35701,0.024324,0.00013179,0.0083451,0.002295,0.0025243,0.073183,0.00080987,0.034737,0.0010166,4.8472e-19,1.8055e-19,0.095886,0.0051444,1.6993e-19,2.7647e-19,0.00021956,0.34234
0.065543,4.6768e-05,0.17728,4.9172e-19,2.4306e-19,0.0024603,0.10833,4.6926e-19,0.068741,0.00030102,0.0013483,4.546e-19,7.5898e-19,2.827e-19,6.2836e-06,3.9779e-19,0.0026178,0.00055745,2.2304e-19,0.57277
0.058177,0.0042867,0.37143,0.020416,0.00017053,0.0060722,0.0029325,0.00021423,0.07975,0.00049994,0.03365,5.659e-19,9.4481e-19,0.00019287,0.031974,0.00089016,3.3123e-19,0.00021362,2.0646e-05,0.38911
