0.022326,1.9782e-19,0.030138,0.019865,4.6685e-13,3.5031e-19,0.0095517,4.6952e-19,6.0187e-19,0.010856,1.8794e-19,2.7114e-19,2.6312e-19,3.0672e-19,0.89351,1.6883e-19,0.0058139,2.7969e-19,2.3017e-13,0.0079446
0.024986,1.6984e-19,0.085274,0.0027431,4.1537e-09,3.0076e-19,0.0038817,4.031e-19,5.1672e-19,4.6016e-19,1.6135e-19,2.8505e-12,2.259e-19,0.00095502,0.86153,1.4495e-19,0.0056123,0.0042961,2.1354e-19,0.01072
0.055259,1.2948e-19,0.085504,0.01342,0.00016155,0.00063951,0.0046551,2.9163e-18,0.04749,0.012748,1.0351e-10,2.4147e-09,3.0794e-17,2.0077e-19,0.77934,1.1051e-19,2.8449e-19,1.8307e-19,0.00077921,2.908e-19
0.051556,0.0014532,0.054845,0.029446,1.4055e-19,0.002316,0.0060144,3.3723e-19,6.9441e-11,3.2789e-15,1.3499e-19,7.775e-06,1.8899e-19,0.0011882,0.85317,1.2126e-19,3.1218e-19,2.0088e-19,1.7865e-19,3.191e-19
0.090775,1.7174e-19,0.17523,3.7407e-19,0.00023394,3.0413e-19,0.011416,4.0762e-19,5.2252e-19,4.6532e-19,0.00066064,0.0021829,2.2843e-19,1.1611e-12,0.68952,1.4657e-19,3.7733e-19,2.4281e-19,2.1593e-19,0.029984
0.076895,1.5289e-19,0.14932,3.3301e-19,0.00016657,2.7074e-19,0.021994,3.6287e-19,4.6516e-19,4.1424e-19,3.4998e-11,0.00025071,2.0335e-19,8.848e-12,0.72293,1.3048e-19,7.1199e-06,2.1472e-05,1.9223e-19,0.028414
0.05669,0.0032788,0.1056,3.5757e-16,7.0024e-05,3.1142e-16,0.0064823,4.4963e-19,5.7637e-19,5.1328e-19,1.2417e-15,6.8003e-07,2.5197e-19,0.0024244,0.80224,1.6168e-19,4.6352e-10,3.953e-13,2.3819e-19,0.023209
0.046714,1.829e-19,0.044577,0.025715,6.2167e-11,0.00083333,0.017156,4.3412e-19,0.0035643,0.010947,1.7377e-19,2.5069e-19,2.4328e-19,1.0839e-18,0.84416,1.561e-19,4.0186e-19,0.0063279,2.2997e-19,2.7778e-10
0.055447,1.5289e-19,0.14694,3.5129e-12,0.00029907,2.7075e-19,0.018781,3.6287e-19,4.6516e-19,7.8393e-11,0.0020915,0.00080994,2.0335e-19,5.8241e-06,0.73726,1.1298e-17,1.4489e-11,2.1616e-19,0.00036497,0.038
0.053416,1.8513e-19,0.16012,0.0222,0.00035809,0.00083325,0.0051833,4.3939e-19,0.16653,1.4972e-05,0.00042921,0.00103,2.4624e-19,2.8704e-19,0.58982,1.58e-19,4.0675e-19,1.5276e-12,2.3276e-19,6.0847e-05
0.048068,1.3203e-19,0.090907,2.8758e-19,7.1399e-19,2.3381e-19,0.00022898,3.1337e-19,4.0171e-19,3.5774e-19,0.0011588,6.7683e-06,1.7562e-19,0.0023842,0.82161,1.1269e-19,0.0035445,1.8667e-19,1.6601e-19,0.03209
0.03065,1.4897e-19,0.11735,0.0019443,2.3648e-07,2.6381e-19,0.010906,2.3317e-07,4.5325e-19,0.0057723,4.1587e-15,2.5158e-08,1.9815e-19,2.3098e-19,0.82428,3.9529e-19,1.3618e-07,2.1062e-19,0.0016006,0.0074954
0.072837,2.5547e-05,0.11906,0.0040724,0.00047789,0.0010489,0.019725,4.1852e-19,0.081023,3.2869e-08,3.2121e-15,0.00033524,2.3454e-19,9.5786e-19,0.70138,8.8657e-16,2.1063e-15,1.8697e-18,1.7464e-16,9.0413e-06
0.093239,1.5099e-19,0.1696,3.2887e-19,0.00020776,2.6738e-19,9.7139e-18,3.5836e-19,4.5938e-19,4.0909e-19,0.0020378,0.00064341,2.0083e-19,0.0020355,0.6792,1.2886e-19,3.3173e-19,0.0018041,1.8984e-19,0.051235
0.045324,0.00043291,0.097663,0.0036386,1.0157e-12,0.0033486,0.0070187,2.9885e-19,3.831e-19,0.0017258,1.1962e-19,0.00010452,1.6748e-19,1.9523e-19,0.83226,1.0746e-19,4.4829e-13,4.2414e-17,1.5832e-19,0.0084864
0.042866,2.038e-19,0.098771,0.0064041,0.00025451,9.7343e-12,0.026585,5.0236e-15,3.3008e-07,0.0038232,1.2608e-07,0.00054037,2.7107e-19,3.4856e-16,0.81315,1.5737e-14,4.3759e-05,3.758e-18,3.361e-11,0.0075653
0.085176,1.8026e-19,0.15536,3.9262e-19,0.00014776,1.8228e-09,0.014146,4.2783e-19,0.019718,1.6537e-13,9.0538e-11,0.00032601,2.3976e-19,2.7949e-19,0.70603,1.5384e-19,1.4958e-16,0.00012452,2.2664e-19,0.018967
0.070895,0.0003573,0.12977,0.011531,0.00038875,0.0012761,0.012671,4.0649e-19,0.018391,0.00019488,0.00060127,0.0021888,2.278e-19,2.6555e-19,0.75173,1.4617e-19,3.7629e-19,2.4214e-19,2.1534e-19,7.0792e-06
0.073054,0.00062333,0.084771,0.014497,5.8674e-05,0.0032821,3.7074e-05,4.5046e-19,5.7744e-19,5.9776e-05,1.8031e-19,0.0007307,2.5244e-19,3.3953e-17,0.82289,1.6198e-19,4.1699e-19,2.6833e-19,2.3863e-19,7.3783e-17
0.027766,0.00084295,0.071142,0.0069883,1.9771e-05,0.0026134,0.010406,3.5539e-19,3.3635e-08,0.0010851,1.4225e-19,2.0523e-19,1.9916e-19,2.3217e-19,0.87913,1.2779e-19,3.2899e-19,2.117e-19,1.8827e-19,3.318e-06
0.046255,1.6344e-19,0.093058,0.0031448,0.00017419,2.8943e-19,0.0085216,3.8791e-19,4.9726e-19,3.1476e-12,1.5527e-19,1.0264e-09,2.1739e-19,1.9441e-10,0.82479,1.3949e-19,6.1627e-13,0.0039898,2.0549e-19,0.020063
0.066112,1.2223e-19,0.09961,5.4391e-13,0.000154,2.1645e-19,0.0099534,2.9011e-19,3.7189e-19,1.0122e-06,4.1052e-13,7.5616e-12,1.6258e-19,1.8952e-19,0.80056,1.0432e-19,3.8423e-10,1.7281e-19,1.5368e-19,0.023606
0.058734,0.00066551,0.21674,0.012688,7.1233e-05,3.1251e-11,0.016551,4.3591e-19,1.8825e-06,2.1231e-11,0.00048405,2.0162e-18,2.4429e-19,0.0025262,0.68664,6.2317e-15,1.2085e-10,2.5967e-19,6.8682e-07,0.0048938
0.094372,1.7541e-19,0.11701,0.0076179,9.2281e-05,0.0023429,0.012826,4.1633e-19,0.016328,0.0070363,1.6665e-19,1.2398e-15,2.3331e-19,2.7198e-19,0.74238,1.4971e-19,1.4524e-17,2.48e-19,2.2055e-19,1.3116e-15
0.042389,0.0026382,0.084149,0.017883,6.5188e-05,9.3187e-06,0.004303,3.3534e-19,0.011648,0.0016501,7.8525e-14,0.0022324,1.8793e-19,2.1907e-19,0.83093,1.2058e-19,6.7912e-17,0.002099,1.7764e-19,1.9466e-17
0.081519,1.313e-19,0.12663,2.8597e-19,0.0002959,2.3251e-19,0.0019302,3.1162e-19,0.0045499,3.171e-14,0.00088234,0.00094279,1.7463e-19,2.1831e-11,0.75051,1.1206e-19,1.0846e-17,1.1427e-16,1.6508e-19,0.032738
0.07724,1.6386e-19,0.088128,0.0032062,0.00037389,0.0015762,0.015828,3.8891e-19,6.4625e-16,0.0032617,6.3086e-16,3.0238e-14,2.1794e-19,2.5406e-19,0.80608,1.3985e-19,3.588e-12,1.6509e-14,2.0602e-19,0.0043067
0.057981,1.3049e-19,0.12403,2.8423e-19,0.00030121,2.3109e-19,0.0056089,3.0972e-19,3.9702e-19,3.5356e-19,0.00087121,6.802e-09,1.7357e-19,0.0004796,0.7688,1.1137e-19,7.2945e-14,0.0015144,1.6407e-19,0.040416
0.052933,2.0585e-19,0.06946,0.016466,0.00010947,0.0019565,0.009365,3.7589e-15,0.040673,0.0047825,1.6185e-12,0.00021387,2.738e-19,3.1917e-19,0.80404,1.7569e-19,4.9647e-14,2.9104e-19,2.5882e-19,4.6231e-19
0.11812,1.8444e-19,0.06625,0.0048248,5.572e-16,1.6528e-09,0.017357,0.0032382,5.6115e-19,4.2856e-07,3.7166e-13,0.0026538,2.4532e-19,0.00026094,0.76297,1.5741e-19,4.0523e-19,2.6077e-19,2.319e-19,0.024326
0.041917,0.0023432,0.11743,0.011987,0.0001532,0.00067007,0.016248,1.9717e-14,0.016008,0.013846,1.136e-19,1.639e-19,1.5905e-19,1.8541e-19,0.77825,6.4758e-16,0.0011401,1.6907e-19,1.7216e-06,1.2246e-14
0.076294,0.00011011,0.10232,0.011294,1.8482e-14,0.00078719,0.0075131,4.0484e-19,5.1896e-19,4.6216e-19,1.6205e-19,0.0021178,2.2687e-19,0.0019929,0.78226,1.4558e-19,3.7476e-19,0.0018379,2.1446e-19,0.013474
0.042916,0.0012311,0.063831,0.021381,5.4084e-05,0.0018935,0.0058384,1.4014e-07,0.099311,0.0016607,0.00013801,8.1467e-11,2.1724e-19,0.00169,0.75655,4.1169e-15,0.0035032,2.3092e-19,1.36e-17,7.2931e-15
0.059356,1.7431e-19,0.047923,0.014221,7.1639e-10,0.00088622,0.010224,4.1371e-19,0.014683,0.0013828,1.0412e-16,2.3891e-19,2.3184e-19,2.7026e-19,0.85102,1.4876e-19,0.00030317,2.8861e-18,2.1916e-19,3.9147e-19
0.05731,1.2544e-17,0.1919,0.0011415,0.00052919,2.6775e-07,0.046753,4.6378e-19,0.0054993,4.9675e-15,7.4344e-15,0.00052056,2.599e-19,3.0297e-19,0.68425,1.1823e-18,4.2932e-19,5.5157e-09,2.4568e-19,0.012095
0.11655,1.8103e-19,0.13509,0.0012671,0.00049136,3.2059e-19,0.018681,1.9036e-14,5.5079e-19,0.0051018,0.00064931,0.0025327,2.4079e-19,0.00098981,0.69172,7.3914e-06,3.9119e-06,0.0010527,8.0095e-11,0.025861
0.079561,2.6444e-06,0.11719,0.022214,0.00021877,0.0026416,0.011316,4.184e-19,0.0085647,0.0035988,1.6747e-19,1.6378e-09,2.3447e-19,2.7333e-19,0.75312,1.5045e-19,3.8731e-19,0.0015705,2.2164e-19,9.97e-09
0.093757,1.4138e-19,0.13114,3.0794e-19,2.789e-09,2.5037e-19,0.0061774,3.3556e-19,4.3015e-19,3.8306e-19,0.0010525,0.00025629,1.8805e-19,0.00011958,0.73657,1.2066e-19,8.5977e-13,1.9989e-19,1.7776e-19,0.030922
0.072989,0.030546,0.17675,0.010826,5.557e-06,7.8861e-17,0.017776,4.8435e-19,6.2088e-19,0.0052363,9.7041e-10,1.0015e-13,2.7143e-19,3.1641e-19,0.6791,1.7417e-19,3.5032e-13,2.8852e-19,2.5658e-19,0.0067629
0.04508,1.6819e-19,0.14227,0.0050614,0.00046467,0.0010483,0.011558,3.9918e-19,0.1767,0.0025825,0.00034657,0.00027643,2.237e-19,2.6077e-19,0.5987,1.4354e-19,3.6952e-19,4.7844e-12,2.1146e-19,0.015915
0.07904,1.5964e-19,0.159,0.0057133,0.0004236,6.1364e-11,0.019291,3.7889e-19,1.0819e-09,0.0035817,2.5854e-08,4.431e-11,2.1233e-19,2.4752e-19,0.72401,1.1724e-18,1.6449e-18,7.6574e-18,2.0071e-19,0.0089462
0.036201,1.8424e-19,0.074133,0.010313,6.1678e-06,3.2626e-19,0.001162,4.3728e-19,0.047341,6.0567e-08,7.0428e-15,3.0533e-16,2.4505e-19,0.00018551,0.80093,1.5724e-19,0.0016666,0.0037444,2.3164e-19,0.024313
0.057667,1.9539e-19,0.078935,0.010518,1.4427e-13,0.0060754,0.0080355,4.6376e-19,0.0070697,7.2877e-10,1.8563e-19,2.4017e-07,2.5989e-19,3.0296e-19,0.83158,1.6676e-19,4.293e-19,0.0001222,2.4567e-19,1.2777e-18
0.048235,0.00035302,0.096864,0.016557,0.00021862,0.0022749,0.012495,3.5911e-19,0.085906,0.0038069,0.00020767,4.0214e-09,2.0124e-19,2.3459e-19,0.73223,1.2913e-19,3.3243e-19,2.1639e-12,1.9023e-19,0.00085607
0.096154,0.00063736,0.16193,0.0050036,0.00031476,0.0014079,2.7378e-19,3.7087e-19,0.0069103,0.00018954,3.1045e-15,1.4976e-08,2.0784e-19,7.2685e-18,0.72735,4.5526e-19,2.127e-18,2.2092e-19,6.7298e-18,0.00010586
0.12619,4.9616e-06,0.15664,3.0952e-19,0.00022379,8.672e-13,0.0096199,3.3728e-19,0.036825,0.0016491,1.5941e-16,0.0020948,1.8901e-19,2.2034e-19,0.6423,1.2128e-19,3.1222e-19,2.0091e-19,1.7867e-19,0.024456
0.07585,0.00030561,0.095252,0.019752,2.2426e-06,0.0039925,0.017448,3.6652e-19,0.00059043,4.1411e-05,1.4671e-19,4.3244e-10,2.054e-19,2.3943e-19,0.78677,1.3179e-19,3.3929e-19,3.1401e-10,1.9416e-19,2.8251e-11
0.035968,5.5127e-20,0.08441,8.635e-18,0.00011909,9.7623e-20,0.010484,1.3084e-19,1.6772e-19,1.5949e-17,0.00052275,6.7436e-19,7.3324e-20,3.4907e-13,0.8207,4.7049e-20,0.0022542,7.7941e-20,6.9312e-20,0.045542
0.062242,1.6483e-19,0.13061,4.5835e-08,0.00023208,4.9332e-07,0.021357,3.912e-19,5.0148e-19,1.1593e-10,1.5659e-19,2.2591e-19,2.1923e-19,2.5556e-19,0.77281,1.4067e-19,1.3204e-15,6.4444e-08,2.0724e-19,0.012753
0.044282,2.1416e-19,0.12912,0.00075988,0.00038447,3.7926e-19,0.016067,5.0831e-19,0.019585,0.0017133,2.0346e-19,0.0039169,2.8486e-19,3.3206e-19,0.75222,1.8278e-19,4.7054e-19,5.6776e-19,2.6927e-19,0.031952
0.059727,1.7993e-19,0.11182,0.0085953,0.00019101,0.0016978,0.013962,4.2705e-19,0.027003,5.9638e-08,2.2377e-13,1.9411e-07,2.3932e-19,2.7898e-19,0.77701,1.5356e-19,3.9532e-19,4.6283e-15,2.2623e-19,1.0387e-16
0.048316,1.609e-19,0.077423,0.017008,0.00027619,0.0022791,0.0086557,3.8189e-19,0.052781,0.005204,1.5286e-19,2.532e-13,2.1401e-19,2.4948e-19,0.78806,1.3732e-19,3.5351e-19,4.8119e-14,2.023e-19,3.6136e-19
0.011475,1.4877e-19,0.043945,0.053102,6.7575e-15,2.6345e-19,2.3925e-05,3.5309e-19,5.026e-10,0.0063497,0.0028473,2.039e-19,1.9787e-19,0.0039805,0.84691,1.2697e-19,3.2686e-19,7.7239e-13,1.8705e-19,0.031364
0.075445,1.7406e-19,0.15731,0.0037036,9.8332e-05,2.5342e-10,0.012618,4.1311e-19,0.0057764,0.011133,1.6536e-19,2.4011e-10,2.3151e-19,2.6987e-19,0.72737,1.4855e-19,3.8242e-19,2.4745e-09,2.1884e-19,0.0065503
0.058019,1.8263e-19,0.069304,0.020741,1.9112e-14,0.0033575,0.015389,4.3347e-19,0.015126,7.1574e-06,1.7351e-19,2.5032e-19,2.4292e-19,2.8317e-19,0.81806,1.5587e-19,2.0536e-16,9.6245e-15,2.2963e-19,4.1016e-19
0.067653,1.5927e-19,0.10669,0.012715,0.00025063,0.0019732,0.010069,3.7802e-19,0.01076,2.7615e-09,2.7201e-19,1.1909e-05,2.1184e-19,2.4695e-19,0.78714,1.3593e-19,3.4993e-19,0.0027331,2.0025e-19,1.5613e-09
0.059776,1.1056e-18,0.080909,0.0088434,9.4436e-05,5.097e-06,0.013526,5.3472e-19,0.04844,0.0057883,9.775e-05,3.0879e-19,2.9966e-19,3.4932e-19,0.77494,1.9228e-19,2e-16,0.004085,2.8327e-19,0.0034914
0.069183,1.4943e-19,0.068836,0.026052,8.1178e-05,2.0064e-14,0.021245,3.5466e-19,0.2028,0.0037884,8.0622e-15,2.5429e-12,1.9875e-19,2.3169e-19,0.59264,1.2753e-19,3.2751e-16,0.01223,1.8788e-19,0.0031445
0.059645,5.0994e-15,0.15641,0.0086533,0.00045202,0.016803,0.024254,4.6098e-19,0.024821,0.010185,8.0712e-13,1.8215e-07,2.5833e-19,3.0114e-19,0.69841,1.6576e-19,4.2673e-19,7.33e-05,2.442e-19,0.00029705
0.072194,1.8892e-19,0.10131,0.0022239,0.00020816,0.00098419,0.0063922,4.4839e-19,5.7478e-19,3.0263e-08,0.00085227,1.9067e-05,2.5128e-19,2.4073e-09,0.80459,1.6123e-19,3.3392e-14,2.671e-19,2.3753e-19,0.011227
0.085046,1.9633e-19,0.16511,0.015436,1.4242e-06,0.0017697,0.0092016,4.6598e-19,0.017937,9.8099e-06,1.8652e-19,4.0938e-05,2.6113e-19,3.0441e-19,0.70545,1.6756e-19,4.3136e-19,4.7859e-10,2.4685e-19,5.9771e-18
0.046133,1.7641e-19,0.097399,0.0065274,0.00013887,0.00025147,0.010745,4.1871e-19,0.041596,0.00041015,1.5002e-11,5.0407e-05,2.3464e-19,1.3268e-14,0.79651,1.5056e-19,2.896e-06,2.4942e-19,2.2181e-19,0.00023359
0.041933,1.9734e-19,0.063237,0.006633,0.00021981,0.0018387,0.01406,4.6837e-19,6.004e-19,0.0022752,0.00060647,2.7047e-19,2.6248e-19,3.0597e-19,0.865,1.6842e-19,1.8996e-05,4.2941e-06,2.4812e-19,0.0041728
0.031097,1.4887e-19,0.14392,1.1131e-11,0.0001878,2.6363e-19,0.018238,3.5333e-19,0.069597,4.0335e-19,0.00066357,0.00019681,1.9801e-19,2.3082e-19,0.72107,1.2705e-19,1.499e-18,2.1048e-19,1.8718e-19,0.015022
0.047649,2.4489e-05,0.060906,0.012273,1.1806e-11,0.0013597,0.0056411,2.7574e-19,0.077121,0.0062376,9.4195e-11,3.9552e-19,1.5452e-19,1.8013e-19,0.78879,9.9152e-20,2.5525e-19,1.077e-14,1.4607e-19,3.9511e-16
0.071265,1.3117e-19,0.10423,0.013412,4.9351e-05,0.002919,0.010254,3.1133e-19,0.03094,0.0061196,1.2462e-19,1.7979e-19,1.7447e-19,2.0338e-19,0.76081,1.1195e-19,2.5381e-17,1.6174e-10,1.6492e-19,2.9459e-19
0.073392,1.3157e-19,0.089755,0.0076979,8.0854e-05,2.33e-19,3.1601e-16,3.1228e-19,4.0031e-19,3.5649e-19,3.4721e-06,0.0012963,1.75e-19,0.0053739,0.80066,1.1229e-19,9.9697e-05,1.8602e-19,1.6543e-19,0.021643
0.055484,1.3118e-19,0.089392,2.8573e-19,0.00010086,2.3231e-19,0.010412,3.1136e-19,3.9912e-19,1.2225e-12,1.2463e-19,0.00019889,1.7448e-19,2.034e-19,0.82366,1.1196e-19,1.324e-15,2.5521e-15,1.6494e-19,0.020755
0.06206,1.213e-19,0.12726,2.642e-19,5.7563e-05,2.148e-19,0.012538,2.8789e-19,3.6904e-19,1.2067e-07,1.1524e-19,1.6625e-19,1.6133e-19,2.741e-17,0.77696,1.0352e-19,0.0033881,1.7149e-19,1.5251e-19,0.017734
0.11993,4.9391e-05,0.12195,0.001029,0.00026357,1.3946e-06,0.01249,4.4149e-19,0.0016429,6.0154e-14,1.2316e-06,0.001507,2.4741e-19,4.2748e-12,0.73069,1.5875e-19,4.0869e-19,8.2927e-19,2.3388e-19,0.010441
0.065217,1.8338e-19,0.079081,0.02299,0.00019223,0.0025481,0.017041,4.3525e-19,0.011997,0.0080419,7.4108e-12,2.5135e-19,2.4392e-19,2.8434e-19,0.79289,1.5651e-19,4.0291e-19,2.5927e-19,2.3057e-19,4.1185e-19
0.068718,1.4659e-19,0.10458,3.1929e-19,0.00014633,2.596e-19,0.013228,3.4793e-19,0.012867,1.2916e-13,3.5615e-16,4.0431e-05,1.9498e-19,2.2729e-19,0.7724,1.2511e-19,3.2208e-19,1.0844e-14,1.8431e-19,0.028022
0.018053,1.5766e-19,0.084296,0.0039513,0.00012278,2.7919e-19,0.02519,3.7419e-19,0.13614,0.0048052,0.0005951,2.1609e-19,2.097e-19,2.4445e-19,0.70493,1.2713e-13,0.0029735,5.9977e-08,4.0841e-05,0.018909
0.045566,1.6138e-19,0.072516,0.0089897,0.00019072,7.0218e-09,0.0080824,3.8304e-19,0.034999,0.0043293,8.4204e-07,1.0164e-16,2.1465e-19,2.5023e-19,0.82532,1.3774e-19,3.2614e-12,2.2817e-19,1.2668e-06,6.9635e-10
0.069417,1.3925e-19,0.15471,3.033e-19,0.00035048,2.466e-19,0.010079,3.3051e-19,4.2367e-19,3.7729e-19,0.0016546,0.003394,1.8522e-19,1.1821e-10,0.72381,1.1885e-19,3.0595e-19,0.0033421,1.7508e-19,0.033249
0.062508,1.5383e-19,0.11992,0.00043032,0.00014777,3.3711e-19,0.020879,3.6512e-19,0.0020223,0.0051912,9.1747e-07,2.1085e-19,2.0461e-19,2.3852e-19,0.7815,1.3129e-19,3.8613e-08,2.1749e-19,0.00019424,0.0071987
0.050193,2.3387e-19,0.090508,0.016346,0.00020787,0.00049369,0.0054086,5.5507e-19,0.1093,0.060015,2.2218e-19,0.0054652,3.1106e-19,3.6261e-19,0.66206,1.996e-19,5.1383e-19,1.218e-11,2.9404e-19,2.1716e-07
0.020383,1.7664e-19,0.041726,0.024552,4.8545e-13,0.0026803,0.0056799,4.1924e-19,0.0018131,0.0022662,1.6781e-19,9.2004e-17,2.3494e-19,6.5704e-09,0.9009,1.5075e-19,3.8809e-19,4.6364e-16,2.2209e-19,3.9671e-19
0.050963,1.3279e-19,0.055516,0.0041634,0.00010575,0.00048538,0.0062057,2.1585e-16,0.12664,0.0037665,1.7945e-14,6.2551e-08,1.7662e-19,2.0589e-19,0.73858,1.1333e-19,2.9175e-19,0.0029456,3.4107e-17,0.010627
0.038746,2.0747e-19,0.08464,0.027187,2.2079e-06,0.00074389,0.0019586,4.9241e-19,0.046273,4.6374e-13,1.971e-19,0.00080769,2.7595e-19,2.2739e-11,0.79964,1.7706e-19,4.5583e-19,3.2934e-15,2.6085e-19,4.6594e-19
0.068256,0.00025873,0.1174,1.3548e-11,0.00015781,2.9722e-19,0.0034701,3.9835e-19,5.1064e-19,1.471e-11,1.2686e-07,0.00092678,2.2324e-19,1.061e-12,0.77934,1.4324e-19,2.9974e-18,2.3729e-19,2.1102e-19,0.030198
0.06838,1.7765e-19,0.13605,3.8695e-19,1.1314e-14,1.6406e-16,0.017647,4.2165e-19,5.4051e-19,7.6915e-17,1.0632e-16,2.4349e-19,2.3629e-19,2.7545e-19,0.76362,1.5162e-19,0.0004814,2.2152e-05,2.2337e-19,0.013801
0.066507,1.809e-19,0.073278,3.9401e-19,1.2621e-09,1.0027e-15,0.019649,4.2935e-19,5.5038e-19,1.7942e-14,2.3088e-17,2.2712e-15,2.4061e-19,0.0027824,0.81895,1.5439e-19,7.141e-07,0.0011324,2.2745e-19,0.017697
0.060422,3.1011e-05,0.084483,0.032676,1.3158e-06,2.3084e-05,0.0023286,3.4879e-19,5.3569e-06,0.0010408,1.5987e-14,4.9541e-07,1.9546e-19,0.0010563,0.81793,1.2542e-19,9.6281e-13,2.0777e-19,4.3952e-08,3.3004e-19
0.04644,2.1539e-18,0.078715,0.0075246,0.00029847,0.002037,0.022056,2.7648e-19,0.0057466,7.075e-13,0.00080001,1.2644e-07,1.5494e-19,1.6823e-08,0.83638,9.9418e-20,2.5594e-19,1.6469e-19,1.4646e-19,5.7895e-18
0.068652,1.6584e-19,0.085116,0.0013124,0.00030948,1.607e-17,0.0077348,3.9361e-19,0.0072747,0.00065552,2.9209e-14,7.8987e-11,2.2058e-19,5.339e-11,0.80824,1.691e-13,0.0068596,1.6389e-05,2.1057e-06,0.013827
0.060395,1.8857e-19,0.13441,0.025173,1.5389e-05,0.00062129,0.017496,4.4756e-19,0.016142,0.0073122,1.7915e-19,1.6376e-15,2.5081e-19,2.9238e-19,0.73844,1.6094e-19,4.1431e-19,2.05e-14,2.3709e-19,4.235e-19
0.051594,1.829e-19,0.063046,0.01711,0.00010818,0.0017911,0.013682,2.7774e-14,0.01855,0.015622,1.7376e-19,2.5068e-19,2.4327e-19,2.8358e-19,0.8185,1.561e-19,4.0185e-19,2.5859e-19,2.2996e-19,4.1076e-19
0.038734,8.7616e-20,0.079417,0.00085238,0.0001321,0.00083739,0.0078293,2.0795e-19,0.011566,1.3184e-11,8.3238e-20,0.00040479,1.1654e-19,1.3585e-19,0.84986,7.4777e-20,1.925e-19,2.1978e-14,1.1016e-19,0.01037
0.05694,1.773e-19,0.072971,0.0091366,4.0664e-05,1.4571e-15,0.0080413,4.2082e-19,0.065448,0.0053621,0.00015615,2.4301e-19,2.3583e-19,2.7491e-19,0.77231,1.5132e-19,1.5625e-17,3.5167e-18,2.2293e-19,0.0095929
0.15092,0.0014276,0.048744,0.004982,8.0737e-18,0.00084828,0.016994,4.2775e-19,4.4901e-19,8.8886e-08,0.00050812,2.1228e-18,1.9629e-19,0.00070754,0.77483,1.2595e-19,3.7587e-05,2.0865e-19,1.8555e-19,3.3144e-19
0.037413,0.00093717,0.054285,0.015185,1.3801e-19,0.0015455,0.0066975,1.9538e-18,0.1188,0.0023712,0.00020936,1.9123e-19,1.8557e-19,2.1632e-19,0.76254,1.1907e-19,1.1847e-05,1.9726e-19,1.7542e-19,3.1334e-19
0.05571,1.2825e-19,0.091787,0.0026348,0.00015993,7.1876e-08,0.015585,3.0439e-19,0.014101,1.4161e-12,0.00010018,0.00051773,1.7058e-19,1.9885e-19,0.80179,1.0945e-19,2.8177e-19,6.1185e-06,1.6125e-19,0.017605
0.034739,6.4537e-11,0.11737,3.7186e-11,7.8249e-05,5.2978e-10,0.0575,3.2293e-19,4.1396e-19,0.0048869,1.2926e-19,1.8649e-19,1.8097e-19,2.1096e-19,0.77695,3.0526e-19,0.0023651,0.00069896,1.7107e-19,0.0054178
0.095361,0.0019772,0.047035,0.01048,2.8914e-08,0.00053233,0.047855,1.749e-08,4.261e-19,3.7946e-19,1.8608e-07,4.9274e-08,1.8628e-19,0.0080879,0.78431,3.7583e-12,0.0043572,1.9801e-19,1.7609e-19,3.1453e-19
0.012997,1.4073e-19,0.15802,3.0652e-19,0.00031955,4.501e-09,0.037804,3.3402e-19,4.2817e-19,3.813e-19,0.00059616,0.0035198,1.8718e-19,5.3461e-12,0.75864,5.9176e-19,0.0012334,0.005019,1.7694e-19,0.021848
0.011323,1.5724e-19,0.057891,0.0070419,0.00020086,0.0004338,0.024535,3.7319e-19,0.03497,0.011773,8.5029e-06,2.1551e-19,6.2185e-17,2.438e-19,0.84554,1.3845e-10,0.0044236,0.001712,0.00014844,7.7622e-14
0.055358,0.00021718,0.11136,0.012105,1.6951e-07,0.003708,0.0092504,3.3377e-19,0.0022579,1.5438e-17,1.336e-19,2.1151e-15,1.8705e-19,1.9445e-11,0.80574,1.2002e-19,7.5612e-15,3.6862e-15,1.7681e-19,1.1054e-11
0.04085,1.4246e-19,0.12568,0.00075701,0.00036143,5.8569e-10,0.023858,3.3812e-19,4.4038e-13,8.2435e-06,6.9779e-05,6.3781e-11,1.8949e-19,2.2089e-19,0.79294,1.2159e-19,1.3838e-11,0.0027739,1.7912e-19,0.012707
0.065821,6.0271e-09,0.072725,0.0097999,5.003e-19,2.2172e-19,0.010224,2.9717e-19,3.8094e-19,2.0902e-16,1.1895e-19,0.00078041,1.6653e-19,6.4638e-09,0.82021,1.0686e-19,2.7509e-19,0.0044146,1.5742e-19,0.016021
0.031273,1.4167e-19,0.094922,3.0857e-19,0.00015549,2.5088e-19,0.0072964,3.3625e-19,4.3103e-19,8.2882e-16,8.5962e-16,2.0968e-05,1.8843e-19,2.1966e-19,0.84692,1.2091e-19,3.6397e-08,2.6356e-07,1.7812e-19,0.019415
0.086003,0.0083398,0.07382,1.7145e-12,1.3046e-05,3.245e-19,0.02078,4.3492e-19,5.5752e-19,4.9649e-19,1.7409e-19,3.9084e-17,2.4373e-19,1.1385e-17,0.78736,1.5639e-19,6.4169e-10,2.5908e-19,2.304e-19,0.023689
0.04428,1.8688e-19,0.085517,0.0048778,1.4811e-05,0.0026535,0.010192,4.4356e-19,0.0095319,4.4127e-07,1.5759e-15,2.5614e-19,2.4857e-19,2.8976e-19,0.84293,1.595e-19,1.2318e-12,1.8911e-08,2.3497e-19,2.1764e-11
0.050491,1.2901e-19,0.086276,2.81e-19,4.2094e-06,2.2846e-19,0.012318,3.062e-19,3.9251e-19,3.4955e-19,2.0343e-08,3.9513e-14,1.7159e-19,1.0101e-11,0.82557,1.1011e-19,6.2027e-06,3.3464e-14,1.6221e-19,0.025334
0.026425,1.7089e-19,0.068096,0.013208,0.00019886,3.0263e-19,0.0087059,4.0561e-19,0.00020142,0.011717,0.00020472,4.4187e-11,2.273e-19,2.6497e-19,0.84551,1.4585e-19,0.0026462,0.003767,4.512e-06,0.019314
0.077341,0.00012411,0.081767,0.014425,7.9742e-05,2.3354e-12,0.0065436,3.7047e-19,0.0031721,9.1387e-10,1.4308e-11,0.0003758,2.0761e-19,2.4202e-19,0.8047,1.3322e-19,3.4295e-19,2.2068e-19,1.9625e-19,0.011473
0.022504,1.3495e-19,0.14953,2.9394e-19,0.00044627,2.3898e-19,0.027464,3.203e-19,4.1059e-19,6.3305e-08,2.3028e-14,0.00092131,1.795e-19,2.0924e-19,0.77164,1.1518e-19,2.965e-19,1.908e-19,1.6968e-19,0.027497
0.053141,1.9186e-19,0.050448,0.014064,0.00018777,0.00089363,0.0084694,4.5536e-19,0.044721,0.012993,6.1002e-15,2.6296e-19,2.5519e-19,2.9748e-19,0.81508,1.6374e-19,4.2153e-19,2.7125e-19,5.3327e-16,4.3088e-19
0.054996,1.6604e-09,0.045898,0.019262,1.8736e-18,0.0022601,1.3032e-13,6.7216e-16,0.33289,0.0022742,1.0943e-06,0.0001865,3.0633e-19,3.571e-19,0.54223,1.9656e-19,5.0602e-19,4.8217e-13,2.8957e-19,5.1725e-19
0.078773,2.8402e-19,0.12204,0.012568,0.00015308,0.0018747,0.012589,3.7122e-19,0.043943,0.0058397,3.9541e-07,6.0603e-10,2.0803e-19,2.425e-19,0.72222,1.3348e-19,3.4364e-19,8.5866e-16,1.9665e-19,1.7817e-16
0.088276,1.9236e-19,0.11669,0.010352,0.00013167,0.0022698,0.01634,4.5657e-19,0.021162,0.0087469,1.8275e-19,0.00047228,2.5586e-19,2.9826e-19,0.73556,1.6418e-19,4.2265e-19,1.4296e-15,2.4186e-19,1.4523e-09
0.036772,0.00018217,0.10581,0.0034746,0.0003569,8.9505e-18,0.029421,3.0622e-19,0.0056468,0.0036653,2.4322e-09,5.7933e-16,1.7161e-19,2.0004e-19,0.80451,1.211e-19,0.00043678,2.57e-06,1.6222e-19,0.0097235
0.04176,1.8245e-19,0.11094,0.10251,1.8049e-19,1.6658e-10,0.0031295,4.3304e-19,0.035015,0.017691,0.0024125,1.3827e-07,2.4268e-19,2.8289e-19,0.68654,1.5572e-19,4.0087e-19,8.7651e-19,2.294e-19,4.0976e-19
0.04483,1.4801e-19,0.08304,0.0042076,0.0002256,2.621e-19,0.013157,3.5129e-19,4.5032e-19,0.00070827,1.693e-09,0.00016662,1.9686e-19,2.2949e-19,0.83452,1.2632e-19,3.2519e-19,2.0926e-19,1.8609e-19,0.019145
0.09131,1.7182e-19,0.085425,0.0039876,0.00018008,4.0431e-09,0.012826,4.0779e-19,2.2413e-08,0.0015864,1.6323e-19,1.4064e-08,2.2853e-19,2.664e-19,0.78704,0.0010843,4.6728e-15,0.0019564,2.1603e-19,0.014606
0.043145,1.3688e-19,0.10799,8.9771e-13,1.7819e-14,2.424e-19,0.0027519,3.2489e-19,4.1647e-19,3.7088e-19,2.1963e-05,8.7665e-07,1.8207e-19,0.0019473,0.82586,1.1683e-19,1.7803e-11,1.2348e-15,1.7211e-19,0.018276
0.062843,1.7448e-19,0.090167,0.005232,0.00060269,0.00031314,0.0059179,4.1411e-19,0.09291,0.0034984,6.9809e-19,0.0025882,2.3207e-19,2.7053e-19,0.73576,1.4891e-19,3.8335e-19,2.4668e-19,2.1937e-19,0.00016919
0.079227,0.0005172,0.085795,3.7905e-19,0.00031762,0.0020408,0.025654,9.8547e-18,8.4298e-05,0.021585,1.6533e-19,2.3852e-19,2.3147e-19,2.6983e-19,0.77232,1.4852e-19,3.8235e-19,2.4604e-19,0.00017845,0.012285
0.06465,0.00034804,0.12676,0.011328,0.00035641,7.8634e-10,0.014408,3.0912e-19,3.9626e-19,0.0014202,0.00020951,0.00044653,1.7323e-19,1.0631e-12,0.76389,1.1116e-19,2.8616e-19,1.8414e-19,1.6375e-19,0.016181
0.08898,0.0022546,0.092958,0.004617,0.00031895,0.0018906,0.01945,4.2564e-19,5.4562e-19,0.0055745,3.3255e-13,2.458e-19,2.3853e-19,2.7806e-19,0.78137,1.5305e-19,4.7567e-13,1.6612e-18,4.6739e-13,0.0025915
0.0566,4.8172e-16,0.095537,0.022907,6.3334e-05,0.0014579,0.0053221,4.509e-19,0.018017,0.0077411,1.1059e-10,2.3242e-09,2.5268e-19,2.9456e-19,0.79235,1.6214e-19,4.174e-19,1.5472e-16,2.3886e-19,1.5288e-17
0.064932,1.5911e-19,0.080937,0.0043708,0.00023393,0.0022031,0.011052,3.7763e-19,0.077588,0.0087219,1.5116e-19,1.0047e-09,2.1162e-19,2.4669e-19,0.74996,1.3579e-19,3.4957e-19,8.6868e-16,3.5452e-12,3.6942e-10
0.068718,0.0029932,0.12574,4.2798e-19,0.00024708,3.4796e-19,0.0028421,4.6637e-19,5.9783e-19,5.3239e-19,0.00067725,0.00181,2.6135e-19,0.0014563,0.76709,1.677e-19,8.5631e-12,2.7781e-19,2.4705e-19,0.028418
0.05919,1.5903e-19,0.096902,0.025022,0.00011861,0.0008063,0.018299,3.7744e-19,0.043426,0.0031718,1.8753e-09,3.336e-09,2.1152e-19,2.4657e-19,0.75306,1.3572e-19,3.494e-19,5.6747e-13,1.9995e-19,3.1635e-16
0.053276,1.3777e-19,0.10574,0.0014492,0.00018251,2.4398e-19,0.0033339,3.27e-19,0.060818,9.8544e-11,0.00012446,9.7615e-08,1.8325e-19,2.9628e-11,0.75356,3.0142e-18,0.0013837,1.9479e-19,1.7323e-19,0.020131
0.05702,0.00017466,0.12844,0.015452,0.00013776,0.0038988,0.010098,3.2135e-19,0.009568,2.9768e-06,1.0322e-12,0.0011121,1.8009e-19,2.0993e-19,0.7741,1.1555e-19,2.9748e-19,1.2074e-11,1.7023e-19,3.8987e-12
0.071339,1.5117e-19,0.11105,0.0031,0.00015545,3.3064e-16,0.018248,3.5879e-19,4.5993e-19,0.004732,1.0866e-09,8.7544e-10,2.0107e-19,2.3439e-19,0.77941,1.2902e-19,3.3214e-19,2.1373e-19,1.9007e-19,0.011964
0.042242,6.0127e-07,0.039398,0.064978,1.1172e-19,1.6448e-09,0.0017318,2.6806e-19,3.4362e-19,0.0035029,2.2248e-07,1.0819e-17,1.5022e-19,0.0015522,0.84659,9.6391e-20,2.4814e-19,1.5968e-19,1.42e-19,8.1558e-06
0.063213,0.00049927,0.14799,0.003204,9.5587e-05,2.5089e-19,0.019215,3.3626e-19,4.3104e-19,0.001295,4.7709e-11,1.9418e-19,1.8844e-19,9.7136e-06,0.75588,1.2091e-19,0.0036446,2.003e-19,0.00013638,0.0048245
0.04312,1.8143e-19,0.069139,0.020865,0.00010652,0.0011164,0.0075662,4.3063e-19,0.10263,0.0064623,7.0053e-15,8.5172e-08,2.4132e-19,2.8132e-19,0.74433,1.5485e-19,3.9863e-19,0.0046703,2.2812e-19,2.1408e-15
0.090693,7.33e-05,0.09799,0.0015592,0.0001965,1.7506e-11,0.010154,5.5771e-19,2.1306e-14,3.2744e-12,2.2324e-19,1.5994e-07,3.1254e-19,2.1301e-15,0.78106,2.0055e-19,5.3905e-17,1.5864e-07,2.9544e-19,0.018271
0.0030004,1.3796e-19,0.03995,0.019286,1.3647e-19,0.0030554,0.030055,0.0041753,0.0085722,0.020839,0.0014518,1.8909e-19,4.5835e-07,2.139e-19,0.86098,1.1774e-19,3.0311e-19,1.9505e-19,0.0032769,0.0053602
0.030266,0.0011011,0.071204,0.003315,3.8185e-05,3.2277e-07,0.019336,4.0456e-19,0.024447,0.012563,1.6193e-19,2.3362e-19,1.6344e-05,2.6428e-19,0.83767,1.4547e-19,2.0803e-09,1.2587e-17,2.1431e-19,3.9214e-05
0.087365,1.9072e-19,0.10361,0.0026807,1.3753e-12,3.3774e-19,0.016066,4.5266e-19,5.8026e-19,3.2437e-15,1.8119e-19,4.8703e-06,2.5367e-19,8.381e-12,0.7679,1.6277e-19,1.4339e-15,3.5522e-18,2.3979e-19,0.022368
0.069186,1.5122e-19,0.1446,3.2938e-19,0.00011759,2.6779e-19,0.024416,3.5892e-19,4.6009e-19,4.0973e-19,1.5632e-16,0.0018563,2.0114e-19,1.6719e-08,0.72786,1.2906e-19,3.3225e-19,8.963e-17,1.9013e-19,0.031971
0.059463,1.7931e-19,0.09168,0.007309,0.00030162,0.0020561,0.016526,4.2558e-19,0.066422,0.012006,1.7035e-19,0.00020927,8.2656e-19,2.7802e-19,0.74403,1.5303e-19,3.9396e-19,3.3841e-17,2.2545e-19,9.012e-18
0.029615,4.4872e-14,0.050012,0.055154,2.1483e-19,1.0354e-05,0.0041461,5.1544e-19,0.034394,0.016044,0.00036402,2.9766e-19,2.8885e-19,3.3672e-19,0.81026,1.8535e-19,4.7715e-19,3.1309e-17,2.7305e-19,4.8773e-19
0.044412,1.2784e-19,0.048404,0.074893,1.2646e-19,2.8425e-07,2.2399e-19,3.0343e-19,0.0080609,0.022768,0.0033198,1.7522e-19,1.7004e-19,3.0167e-10,0.79107,1.0911e-19,2.8088e-19,0.0070702,1.6074e-19,2.8711e-19
0.02919,1.2776e-19,0.086955,0.0011326,3.4676e-06,2.2624e-19,0.0036049,3.0323e-19,3.887e-19,3.4615e-19,0.00035506,1.5362e-09,1.6993e-19,0.0037297,0.85608,1.0904e-19,0.0031225,0.0004471,1.6063e-19,0.01538
0.056421,1.9099e-19,0.15394,4.16e-19,0.00011367,3.3822e-19,0.01674,4.5331e-19,5.8109e-19,5.9218e-11,3.7501e-17,9.8111e-07,2.5403e-19,2.9613e-19,0.74736,1.63e-19,4.1963e-19,1.475e-05,2.4013e-19,0.02541
0.039345,1.7481e-19,0.083415,0.0061297,5.76e-05,3.0956e-19,0.010195,4.1489e-19,5.3185e-19,0.0029347,1.6607e-19,3.4079e-05,2.3251e-19,0.00021621,0.83775,1.4919e-19,3.8407e-19,4.6857e-15,2.1979e-19,0.019922
0.046752,0.00036444,0.14994,0.010473,0.00014175,7.6102e-11,0.014226,3.054e-19,3.9148e-19,6.6271e-08,2.6762e-16,9.018e-09,1.7115e-19,1.9951e-19,0.77227,1.0982e-19,2.8271e-19,8.0328e-08,1.6178e-19,0.0058289
0.09857,1.3583e-19,0.12237,0.006994,0.00023412,2.4054e-19,0.019492,3.2239e-19,0.019346,2.9851e-15,6.8322e-12,0.00065604,1.8067e-19,1.4985e-11,0.70796,1.1593e-19,3.3537e-13,0.0057242,1.7079e-19,0.018658
0.056287,2.0652e-19,0.060762,0.0063973,1.2861e-14,5.2907e-10,0.012655,4.9016e-19,0.042156,0.0021868,1.962e-19,2.8306e-19,2.7469e-19,3.2021e-19,0.81956,1.7625e-19,3.5103e-07,2.9198e-19,2.5966e-19,4.0151e-09
0.097944,1.4452e-19,0.1762,3.1479e-19,0.00017789,2.5593e-19,0.0081265,3.4302e-19,4.3971e-19,3.9158e-19,0.00084757,0.0013361,1.9223e-19,0.0011402,0.68921,1.2334e-19,3.6795e-17,1.6361e-11,1.8171e-19,0.025022
0.067567,0.00033866,0.097789,0.0023965,0.00037375,0.0034251,0.020326,4.2937e-19,0.0033265,0.01324,2.3009e-18,0.00061408,2.4062e-19,2.805e-19,0.7906,1.544e-19,3.9747e-19,3.678e-11,1.8483e-15,5.9677e-14
0.066922,1.7838e-19,0.11527,0.0070611,0.00030581,0.0034479,0.024633,4.2337e-19,0.0097184,0.0044258,1.3213e-07,0.0083256,2.3726e-19,2.7657e-19,0.75988,1.5224e-19,3.9191e-19,7.0263e-12,2.2428e-19,5.0644e-06
0.07266,1.5606e-19,0.11991,0.0036072,0.00037411,0.00011579,0.014202,3.704e-19,0.04767,0.0094866,1.4205e-12,0.00062663,2.0757e-19,2.4197e-19,0.7219,1.3319e-19,3.4288e-19,2.2003e-13,1.9621e-19,0.0094465
0.045042,1.9165e-05,0.12791,3.6977e-19,1.5156e-16,3.0064e-19,0.010229,4.0293e-19,0.01723,4.5998e-19,1.6128e-19,2.5988e-16,2.258e-19,0.0026166,0.76706,1.4489e-19,0.010047,0.0013476,2.1345e-19,0.018503
0.088262,0.00040634,0.11609,0.015533,0.0072389,0.0013791,0.035729,0.0070497,0.0014042,0.002774,5.3607e-11,7.4672e-16,0.01321,4.4649e-11,0.71072,2.2041e-19,8.0524e-11,3.29e-15,3.247e-19,0.00021151
0.081664,2.2393e-19,0.065349,0.0098766,0.00041724,0.0029973,0.021695,5.3149e-19,0.17323,0.010432,1.6525e-17,0.0011283,5.2642e-13,3.4721e-19,0.63321,2.9648e-18,2.5634e-13,1.8637e-08,1.6829e-10,4.3546e-08
0.060575,1.6619e-19,0.078618,0.0022866,0.00026042,0.00028075,0.043908,3.9445e-19,5.0565e-19,5.3406e-15,2.2216e-17,2.3463e-11,2.2105e-19,5.1942e-15,0.79232,1.4184e-19,4.5619e-17,0.0039612,2.0896e-19,0.017793
0.034134,1.1321e-19,0.07246,0.013042,3.3374e-05,0.001551,0.020695,2.687e-19,0.0034093,0.0039984,1.0755e-19,4.5584e-16,1.5058e-19,1.7553e-19,0.84518,9.6621e-20,2.4874e-19,0.0038974,1.4234e-19,0.0016016
0.058851,0.0001551,0.069882,0.023007,1.6609e-08,0.0023625,0.016147,4.1455e-19,0.013546,1.461e-05,1.6593e-19,4.3531e-18,2.3232e-19,1.3796e-18,0.81604,1.4907e-19,3.8375e-19,2.4694e-19,2.196e-19,3.9227e-19
0.061555,1.3736e-19,0.12048,2.9919e-19,5.9345e-11,2.4325e-19,0.0087787,3.2602e-19,4.1792e-19,3.7217e-19,0.00015655,3.3812e-06,1.827e-19,0.0032807,0.77583,1.1723e-19,0.00041529,1.2429e-13,1.7271e-19,0.029499
0.035026,1.3957e-19,0.084395,0.011058,0.00020568,0.0010013,0.010597,3.3125e-19,2.8554e-07,0.00487,1.2529e-07,1.0206e-12,1.8563e-19,2.164e-19,0.84859,1.1911e-19,3.0664e-19,0.0042604,1.7548e-19,6.5778e-10
0.045626,0.000763,0.099163,0.0014136,1.7363e-05,2.5251e-19,0.011425,3.3844e-19,4.3384e-19,3.8635e-19,1.3547e-19,1.8025e-09,1.8966e-19,2.2109e-19,0.82383,1.217e-19,3.1329e-19,2.6464e-16,1.7928e-19,0.01776
0.066093,1.1381e-19,0.070109,0.021143,1.7351e-13,5.4392e-19,0.012287,2.7013e-19,0.18913,5.2441e-05,1.4362e-08,9.3318e-10,1.5138e-19,3.4241e-08,0.63256,9.7135e-20,0.00032671,1.6091e-19,7.8821e-15,0.0083061
0.054218,1.1984e-19,0.11665,0.017256,0.00014707,3.5714e-05,0.0099904,2.8443e-19,0.003927,2.9767e-05,3.681e-13,1.0486e-09,1.594e-19,3.5888e-10,0.79412,1.0228e-19,2.633e-19,5.1272e-08,1.5068e-19,0.0036268
0.044181,1.6903e-19,0.075645,3.6816e-19,1.5415e-17,2.9933e-19,0.011311,4.0118e-19,5.1427e-19,4.5798e-19,1.6058e-19,5.5911e-11,2.2482e-19,5.6428e-19,0.83259,1.4426e-19,0.003496,0.0072473,2.1252e-19,0.025528
0.02288,1.2577e-19,0.021939,0.0028703,6.3784e-05,1.4344e-16,0.015261,2.985e-19,3.8264e-19,0.0094279,2.4933e-09,1.7238e-19,1.6728e-19,1.95e-19,0.91279,1.0734e-19,0.007523,0.0062502,0.00055586,0.00043453
0.039398,1.8186e-05,0.017489,0.010177,1.6356e-19,2.928e-19,0.037715,3.9244e-19,5.0306e-19,0.0021447,3.0111e-08,2.2662e-19,2.1992e-19,3.3026e-10,0.88029,1.4112e-19,0.00040826,2.3377e-19,2.0789e-19,0.012359
0.12441,1.3996e-19,0.17267,0.0090276,3.4834e-05,0.0017603,0.017497,3.3218e-19,0.014973,0.0063414,2.6672e-11,5.1567e-12,1.8616e-19,2.1701e-19,0.65329,1.1945e-19,3.075e-19,1.9788e-19,1.7597e-19,1.466e-13
0.046561,1.4009e-19,0.077504,0.0060962,1.3858e-19,2.4808e-19,0.0085369,3.3249e-19,0.029634,3.7956e-19,0.00046212,1.9201e-19,1.8633e-19,0.0041006,0.80361,1.1956e-19,0.0050203,1.9806e-19,1.7613e-19,0.018474
0.051218,1.8492e-19,0.094876,4.0277e-19,0.00016742,3.2746e-19,0.011143,4.3889e-19,0.012056,5.2435e-15,0.00023639,0.0041936,2.4595e-19,2.8671e-19,0.78699,1.5782e-19,4.0628e-19,0.00066601,2.325e-19,0.038449
0.048198,1.0897e-19,0.13572,0.002793,0.00015068,1.9298e-19,0.005334,2.5865e-19,3.3155e-19,2.4462e-18,0.0018229,2.5939e-16,1.4495e-19,0.00041423,0.7865,9.3006e-20,7.138e-05,4.6977e-06,1.3809e-13,0.018987
0.10079,1.5794e-19,0.24904,3.4401e-19,0.00032423,6.5652e-19,0.01188,3.7487e-19,0.0049376,0.00043298,1.5005e-19,7.7933e-06,2.1008e-19,2.4489e-19,0.6085,1.348e-19,3.4702e-19,5.2224e-09,1.9858e-19,0.02409
0.098615,1.4319e-19,0.15109,0.012078,0.00027479,0.0032633,0.022249,3.3986e-19,0.00081962,0.0078345,1.3604e-19,3.8477e-05,1.9046e-19,2.2202e-19,0.70373,1.2221e-19,3.1461e-19,2.5143e-11,1.8004e-19,2.4761e-09
0.076513,1.2774e-19,0.074171,2.7823e-19,6.7763e-05,2.3792e-17,0.012127,3.0319e-19,3.8865e-19,9.9827e-13,1.2136e-19,0.00073895,6.6739e-14,1.9806e-19,0.81236,1.0902e-19,1.9222e-12,0.0030811,1.6061e-19,0.02094
0.076409,0.00026414,0.082795,0.015948,0.00012305,0.0019304,0.0086918,3.9173e-19,0.025711,0.0064979,1.0788e-08,6.8974e-07,2.1953e-19,2.559e-19,0.78163,1.4086e-19,3.6262e-19,3.9296e-15,2.0751e-19,1.8535e-14
0.041077,2.4103e-12,0.22055,3.4015e-19,0.00016773,2.7655e-19,0.027436,3.7065e-19,4.7513e-19,4.2312e-19,4.3285e-09,0.00019581,2.0771e-19,2.4214e-19,0.68698,1.3328e-19,3.4311e-19,2.4484e-16,1.9635e-19,0.023591
0.046958,1.3592e-19,0.1545,2.9605e-19,0.00019888,2.407e-19,0.0020746,3.226e-19,4.1354e-19,3.6827e-19,0.0014298,0.00035362,1.8079e-19,0.0015177,0.75596,1.16e-19,0.00064315,1.2192e-17,1.709e-19,0.036369
0.050495,1.5754e-19,0.081556,0.010571,0.00011176,0.0015512,0.014164,3.7391e-19,0.0031776,0.0047234,3.6632e-15,2.1592e-19,2.0954e-19,2.4426e-19,0.83365,1.3445e-19,3.9561e-19,3.4977e-11,1.9807e-19,3.0106e-08
0.059005,1.4347e-19,0.066538,0.0090628,0.0002054,7.3388e-09,0.0072052,3.4052e-19,0.069118,0.0058561,0.00010188,6.8842e-10,1.9083e-19,2.2245e-19,0.77422,1.2245e-19,3.1522e-19,4.7163e-10,1.8039e-19,0.0086842
0.079961,9.6753e-20,0.15551,2.1074e-19,0.00042322,1.7134e-19,0.011004,2.2964e-19,2.9437e-19,2.6215e-19,0.00055495,0.0015346,1.2869e-19,1.5218e-10,0.71404,2.6483e-19,4.7181e-08,7.8515e-13,1.2165e-19,0.036965
0.054721,1.5079e-19,0.049288,0.002886,3.118e-12,2.6704e-19,0.011977,3.579e-19,0.018392,7.8131e-12,1.4326e-19,0.00057798,2.0057e-19,2.3381e-19,0.83771,1.287e-19,2.4431e-06,7.9537e-16,1.896e-19,0.024449
0.11897,2.0035e-18,0.10505,1.7798e-15,0.00027434,7.8202e-14,0.014225,3.8754e-19,4.9679e-19,4.4241e-19,1.9628e-19,0.0013409,2.1718e-19,3.9195e-12,0.73612,1.3936e-19,3.8472e-11,9.0047e-18,2.053e-19,0.024016
0.061088,1.4672e-19,0.10085,0.01173,0.00012646,0.0024976,0.014594,3.4823e-19,3.9384e-15,3.4464e-09,1.3939e-19,0.0010229,1.9515e-19,2.2749e-19,0.79798,1.2522e-19,3.2235e-19,0.0032267,1.8447e-19,0.0068843
0.064903,1.5448e-19,0.066516,0.024533,0.00016696,4.3409e-14,0.030638,3.6664e-19,0.024727,0.00095893,1.4676e-19,4.5467e-10,2.0547e-19,0.00035384,0.77585,1.3184e-19,6.7746e-15,0.0010138,1.9423e-19,0.010344
0.015416,1.3617e-19,0.041942,0.046305,1.1984e-09,2.4114e-19,0.053929,0.0014442,0.25801,0.0063967,1.2937e-19,1.8664e-19,0.00081063,3.7336e-16,0.53037,0.00027524,0.0088116,0.015473,0.00097986,0.019841
0.10359,1.522e-19,0.097661,3.315e-19,9.0138e-05,2.6952e-19,0.023293,3.6123e-19,4.6306e-19,4.1237e-19,5.1578e-10,0.00055308,2.0244e-19,2.0471e-17,0.73653,1.2989e-19,3.3439e-19,2.1518e-19,1.9136e-19,0.038275
0.022665,1.7751e-19,0.079131,0.0085514,0.00012958,4.302e-13,0.0038777,4.2132e-19,0.079223,2.7412e-05,1.6864e-19,0.00062533,2.3611e-19,2.7524e-19,0.80576,1.515e-19,1.337e-05,2.5098e-19,2.2319e-19,3.9867e-19
0.074252,2.1922e-19,0.10797,0.0052275,0.00039067,0.0026281,0.033637,5.2031e-19,0.029175,0.0072443,2.9198e-06,3.0047e-19,2.9158e-19,3.399e-19,0.73947,1.871e-19,4.7571e-10,3.3395e-10,2.7563e-19,6.9338e-08
0.053599,1.5725e-19,0.096544,0.0021224,0.00023964,2.1064e-06,0.010277,3.7323e-19,0.005643,0.0042677,0.00073373,2.1553e-19,2.0916e-19,2.4382e-19,0.81801,1.3421e-19,4.7119e-08,2.2233e-19,1.9771e-19,0.0085574
0.10132,1.3462e-19,0.14413,2.9322e-19,0.000347,2.384e-19,0.023137,3.1952e-19,4.0959e-19,1.5955e-07,0.00015128,0.0012414,1.7906e-19,2.0873e-19,0.68704,1.1489e-19,2.9578e-19,0.0084506,1.6926e-19,0.034178
0.079664,1.1615e-19,0.14471,2.5299e-19,0.00018948,2.0569e-19,0.022049,2.7568e-19,3.5339e-19,3.1471e-19,2.6431e-12,0.0027675,1.5449e-19,1.8127e-09,0.71631,9.913e-20,2.552e-19,5.1496e-19,1.4604e-19,0.034302
0.028937,1.182e-19,0.090601,0.00017117,0.00010288,2.0931e-19,0.028778,2.8053e-19,3.5961e-19,2.9271e-15,1.1229e-19,2.5737e-16,1.5721e-19,0.00045231,0.82662,8.9732e-17,0.0023021,1.6711e-19,1.4861e-19,0.02203
0.034254,1.1839e-19,0.13865,2.5786e-19,0.00051999,2.0965e-19,0.036456,2.8099e-19,3.6019e-19,1.001e-06,2.4875e-09,0.0012013,1.5747e-19,1.8356e-19,0.76434,1.0104e-19,2.6011e-19,1.6738e-19,1.4885e-19,0.024572
0.098854,1.2798e-19,0.10056,2.7876e-19,0.00010303,0.0018911,0.013108,3.0376e-19,3.8938e-19,3.4676e-19,1.2159e-19,0.0009535,1.7023e-19,1.9844e-19,0.76718,1.0923e-19,2.8119e-19,1.8095e-19,1.6091e-19,0.017354
0.089094,2.3513e-14,0.077198,0.0026054,0.00014599,3.0014e-19,0.0047077,4.6709e-06,5.1566e-19,1.846e-12,6.9662e-12,0.0034659,2.2543e-19,0.0010281,0.79967,2.8856e-19,1.0877e-13,3.7776e-11,2.131e-19,0.022082
0.084609,1.3934e-19,0.074886,0.0013114,9.2846e-05,2.4675e-19,0.027721,3.3072e-19,0.065958,1.1575e-12,2.5294e-10,3.1355e-12,1.8534e-19,3.3634e-14,0.71302,1.1892e-19,0.006158,1.9701e-19,1.752e-19,0.026248
0.078004,1.2883e-19,0.080739,2.8061e-19,2.1032e-10,2.2814e-19,0.015688,3.0578e-19,3.9197e-19,1.5984e-09,3.9903e-16,2.4094e-12,1.7136e-19,1.9975e-19,0.80412,1.0995e-19,4.0119e-07,1.8215e-19,1.6198e-19,0.021445
0.095227,1.3953e-12,0.1251,0.0083572,3.3524e-05,0.0028543,0.0095176,3.8406e-19,0.011328,0.00078818,0.00037617,6.7017e-10,2.1523e-19,2.509e-19,0.74642,1.381e-19,1.5226e-14,9.3976e-14,2.0346e-19,3.6342e-19
0.066271,4.9076e-05,0.097137,0.0010104,0.00022458,1.2153e-09,0.02557,2.7047e-19,3.4671e-19,0.0086604,1.7769e-07,1.5619e-19,1.5157e-19,1.7669e-19,0.79483,9.7258e-20,3.6446e-11,1.6112e-19,4.7484e-08,0.0062519
0.04971,1.0139e-19,0.092387,2.2083e-19,0.00011767,1.7954e-19,0.01183,2.4063e-19,3.0846e-19,2.747e-19,2.0341e-11,0.00069755,1.3485e-19,1.6276e-09,0.81218,8.6529e-20,9.7141e-05,1.226e-11,1.2747e-19,0.032986
