0.022473,2.0185e-19,0.029891,0.020432,1.9812e-19,4.8379e-17,0.0094028,4.712e-19,6.107e-19,0.0076118,1.7206e-19,2.7315e-19,2.6476e-19,3.1129e-19,0.90196,1.6569e-19,0.0047279,2.8428e-19,2.468e-19,0.0035031
0.024596,1.7309e-19,0.084442,0.0026936,3.1713e-19,2.9854e-19,0.0039031,4.0406e-19,5.2368e-19,4.6235e-19,1.4754e-19,1.5928e-12,2.2703e-19,0.00091639,0.86862,1.4208e-19,0.0054303,0.005365,2.1164e-19,0.0040341
0.055158,1.3169e-19,0.083431,0.013532,0.00013376,2.6753e-06,0.0047373,3.0742e-19,0.047415,0.0088611,4.2236e-18,1.2106e-10,1.7273e-19,2.0309e-19,0.78673,1.081e-19,2.8441e-19,1.8547e-19,3.9147e-07,2.8499e-19
0.051744,0.0012409,0.053452,0.029866,1.4237e-19,1.5371e-12,0.0060002,3.3859e-19,4.3883e-19,3.8743e-19,1.2363e-19,1.9638e-06,1.9025e-19,0.00077115,0.85692,1.1906e-19,3.1324e-19,2.0427e-19,1.7734e-19,3.1389e-19
0.090155,1.7472e-19,0.17233,3.8024e-19,0.00010262,3.0134e-19,0.011813,4.0786e-19,5.286e-19,4.6669e-19,1.6545e-08,0.0020469,2.2917e-19,2.7172e-17,0.69922,1.4341e-19,3.7733e-19,7.6375e-16,2.1363e-19,0.024329
0.076726,1.5615e-19,0.14749,3.3984e-19,2.3628e-07,2.6932e-19,0.022381,3.6452e-19,4.7243e-19,4.171e-19,1.5412e-12,0.00029852,2.0481e-19,4.2922e-17,0.73133,1.2817e-19,2.57e-05,0.00072729,1.9092e-19,0.02102
0.057016,0.0034342,0.10441,2.7392e-10,9.6596e-11,3.3535e-19,0.0067952,4.5388e-19,5.8825e-19,5.1936e-19,1.6573e-19,7.9845e-09,2.5503e-19,0.001219,0.80781,1.596e-19,5.6415e-13,2.5725e-11,2.3773e-19,0.019313
0.047346,1.8684e-19,0.043063,0.026688,1.8339e-19,1.3768e-13,0.017252,4.3617e-19,0.0018909,0.003338,1.5927e-19,2.5284e-19,2.4507e-19,2.8815e-19,0.85503,1.5337e-19,4.0352e-19,0.005395,2.2845e-19,5.4921e-16
0.054879,1.5586e-19,0.14556,1.4599e-13,0.00030499,2.6882e-19,0.019127,3.6383e-19,4.7154e-19,4.6309e-16,0.00081261,0.00059292,2.0443e-19,1.7248e-17,0.74712,3.8546e-18,3.366e-19,2.195e-19,7.3318e-05,0.031524
0.053079,1.886e-19,0.15719,0.022714,7.731e-05,8.89e-11,0.0051991,4.4028e-19,0.17003,2.5733e-09,1.1471e-16,0.00082233,2.4738e-19,2.9087e-19,0.59089,1.5481e-19,4.0732e-19,2.7556e-14,2.3061e-19,3.4899e-11
0.047857,1.3495e-19,0.090796,2.9369e-19,1.3246e-19,2.3275e-19,0.00029455,3.1502e-19,4.0828e-19,3.6047e-19,3.7662e-07,3.3189e-05,1.7701e-19,0.0006926,0.83314,1.1077e-19,0.0032207,2.721e-13,1.65e-19,0.023964
0.030354,1.5137e-19,0.11506,0.0020047,1.3632e-06,2.6108e-19,0.010921,9.4197e-12,4.5798e-19,0.0036964,1.0117e-14,2.9295e-07,1.9855e-19,2.3345e-19,0.83202,1.2425e-19,5.4294e-10,2.1319e-19,0.0012922,0.0046507
0.072458,0.00011303,0.1164,0.0041778,0.00027206,6.1197e-07,0.019908,4.186e-19,0.082234,3.4347e-10,6.9748e-11,0.0001886,2.352e-19,2.7654e-19,0.70425,1.2264e-16,2.7181e-15,1.5771e-16,2.1925e-19,9.9673e-10
0.093432,1.5504e-19,0.16893,3.3742e-19,8.6525e-05,2.674e-19,1.337e-16,3.6192e-19,4.6907e-19,4.1413e-19,0.00058886,0.00068876,2.0336e-19,7.5017e-05,0.68916,1.2726e-19,3.3483e-19,0.0042093,1.8957e-19,0.042829
0.045702,0.00056396,0.096429,0.0042279,1.2686e-19,0.0032559,0.0073647,9.9813e-16,3.9104e-19,0.0020798,1.1017e-19,1.9031e-07,1.6953e-19,1.9933e-19,0.83794,1.0609e-19,2.7913e-19,3.0844e-12,1.5803e-19,0.0024343
0.042671,2.0748e-19,0.09701,0.0063553,1.6837e-05,3.5785e-19,0.026689,3.045e-14,2.5422e-05,0.0012011,1.0212e-16,0.00051152,2.7214e-19,5.1157e-16,0.82023,7.1538e-16,8.4103e-08,2.922e-19,4.2916e-17,0.0052873
0.084885,1.8414e-19,0.15339,4.0076e-19,8.7853e-05,7.3918e-13,0.014576,4.2986e-19,0.023087,1.9567e-15,1.5696e-19,0.00033429,2.4153e-19,2.8398e-19,0.7103,1.5115e-19,7.3434e-19,0.0018703,2.2515e-19,0.01147
0.070753,0.00045784,0.12684,0.011677,0.00015809,0.00030566,0.012862,4.0711e-19,0.019229,4.2274e-06,3.6444e-18,0.0020347,2.2875e-19,2.6895e-19,0.75568,1.4315e-19,3.7663e-19,2.4561e-19,2.1323e-19,1.5409e-09
0.07349,0.0004486,0.08287,0.014796,4.5192e-13,0.00085256,5.8313e-06,4.531e-19,5.8723e-19,2.3282e-10,1.6545e-19,0.0004164,2.5459e-19,2.9933e-19,0.82712,1.5932e-19,4.1918e-19,2.7335e-19,2.3732e-19,4.2004e-19
0.028015,0.00089101,0.069104,0.0073863,5.5588e-12,0.00033539,0.010551,3.5656e-19,0.0013616,8.8081e-06,1.302e-19,2.0669e-19,2.0034e-19,2.3556e-19,0.88235,1.2538e-19,3.2987e-19,2.1511e-19,1.8676e-19,4.9179e-12
0.045889,1.6659e-19,0.091979,0.0030325,5.6315e-06,2.8733e-19,0.0087005,3.8889e-19,5.0402e-19,2.605e-17,1.42e-19,3.5027e-09,2.1851e-19,1.5774e-07,0.8312,1.3675e-19,9.3754e-15,0.0047405,2.0369e-19,0.014456
0.065789,1.2444e-19,0.098274,4.414e-14,3.5032e-06,2.1463e-19,0.010163,2.9049e-19,3.7649e-19,2.0833e-13,1.0607e-19,4.0331e-14,1.6322e-19,1.9191e-19,0.80965,1.0214e-19,1.6518e-11,4.9297e-16,1.5215e-19,0.016118
0.058299,0.00076445,0.21352,0.013,5.6337e-12,1.1597e-18,0.016587,4.3717e-19,5.666e-19,7.2811e-18,2.1947e-11,2.5342e-19,2.4564e-19,0.0029688,0.69486,8.0307e-17,8.1153e-12,2.6375e-19,7.5739e-12,6.1197e-09
0.094173,1.7852e-19,0.11421,0.0077334,9.3883e-16,0.0012191,0.013028,4.1674e-19,0.017192,0.0059443,1.5217e-19,1.4198e-15,2.3416e-19,2.7531e-19,0.7465,1.4654e-19,3.8554e-19,2.5142e-19,2.1828e-19,3.8634e-19
0.04209,0.0028175,0.08252,0.018384,9.587e-19,7.3041e-14,0.0045056,3.3622e-19,0.01057,0.00015209,1.2277e-19,0.0022619,1.8891e-19,2.2212e-19,0.8338,1.1822e-19,3.1105e-19,0.0028992,1.761e-19,3.1169e-19
0.080646,1.3347e-19,0.12481,2.9048e-19,0.00021162,2.3021e-19,0.0032628,3.1158e-19,0.0023202,8.8874e-19,0.00019639,0.00049224,1.7507e-19,2.0584e-19,0.76171,1.0956e-19,2.8825e-19,1.0654e-08,1.632e-19,0.026351
0.077095,1.6694e-19,0.086376,0.0033198,8.9472e-05,0.0004906,0.016145,3.8971e-19,1.9063e-13,0.0023875,1.423e-19,3.5521e-16,2.1897e-19,2.5746e-19,0.81216,1.3703e-19,1.4589e-14,1.6417e-16,2.0412e-19,0.0019354
0.057698,1.3336e-19,0.12304,2.9024e-19,0.00017938,2.3001e-19,0.0058037,3.1131e-19,4.0348e-19,3.5622e-19,0.0006018,7.9661e-08,1.7492e-19,2.7637e-15,0.77685,1.0947e-19,2.0419e-14,0.0030859,1.6306e-19,0.032745
0.052968,2.095e-19,0.067569,0.016687,1.5264e-17,1.0849e-09,0.0094513,1.1663e-14,0.041156,0.0031392,1.7858e-19,0.00015323,2.748e-19,3.231e-19,0.80888,1.7197e-19,1.5467e-16,2.9505e-19,2.5616e-19,4.5339e-19
0.12025,1.9228e-19,0.067732,0.0053366,1.8873e-19,3.3599e-09,0.018768,0.001439,0.0012776,5.7559e-07,4.8575e-15,0.0014874,2.522e-19,3.1896e-11,0.76865,1.5783e-19,4.1526e-19,2.708e-19,2.351e-19,0.015053
0.041808,0.0024675,0.11482,0.012227,1.4915e-10,3.9215e-15,0.016371,2.6895e-13,0.016314,0.010335,1.0372e-19,1.6466e-19,1.5961e-19,1.8766e-19,0.78566,1.157e-17,2.7436e-08,1.7137e-19,5.646e-11,2.6333e-19
0.076917,0.00021106,0.10159,0.011783,1.7237e-19,0.00078946,0.0079932,4.0995e-19,5.3131e-19,4.6909e-19,1.4969e-19,0.0019207,2.3034e-19,0.0014648,0.78679,1.4415e-19,3.7926e-19,0.0014219,2.1472e-19,0.0091264
0.042951,0.0013101,0.062451,0.021608,1.6328e-19,5.079e-06,0.0057006,5.0802e-19,0.10071,9.2251e-06,1.4179e-19,4.7244e-13,2.1819e-19,0.0012171,0.76149,2.888e-18,0.002552,2.3427e-19,2.0339e-19,2.3911e-13
0.059327,1.7738e-19,0.046491,0.014414,1.7411e-19,2.3242e-07,0.01027,4.1408e-19,0.014113,2.5512e-07,1.512e-19,2.4004e-19,2.3266e-19,2.7356e-19,0.85538,1.456e-19,6.471e-13,2.8973e-12,2.1688e-19,3.8387e-19
0.056962,1.9903e-19,0.18846,0.0012746,0.00010112,1.428e-14,0.04716,4.6462e-19,0.0062315,2.2166e-17,2.8022e-17,0.0004582,2.6106e-19,3.0695e-19,0.69228,6.8589e-18,4.2984e-19,8.4206e-16,2.4336e-19,0.0070643
0.11632,1.846e-19,0.13296,0.0011527,0.00019466,3.1839e-19,0.019252,8.3802e-16,2.9232e-14,0.0036767,0.00058627,0.0018701,2.4213e-19,0.0011615,0.70033,8.0165e-06,1.3759e-05,0.00093654,7.9112e-06,0.021532
0.080141,9.4407e-05,0.11508,0.022932,3.7845e-13,0.001054,0.011625,4.2145e-19,0.011021,0.00022643,1.5389e-19,1.0729e-09,2.368e-19,2.7843e-19,0.75775,1.4819e-19,3.899e-19,7.1608e-05,2.2075e-19,2.1864e-10
0.093105,1.4393e-19,0.1292,3.1325e-19,5.5783e-14,2.4825e-19,0.0065711,3.3599e-19,4.3546e-19,3.8447e-19,8.0498e-10,0.00010316,1.8879e-19,6.1412e-08,0.74308,1.1814e-19,8.1453e-18,7.0001e-15,1.7599e-19,0.027945
0.072949,0.0312,0.17322,0.011147,3.6052e-15,2.4282e-13,0.017891,4.8528e-19,6.2895e-19,0.0022555,1.772e-19,1.1082e-13,2.7267e-19,3.206e-19,0.68742,1.7064e-19,2.8221e-18,2.9277e-19,2.5418e-19,0.0039197
0.045015,1.7156e-19,0.14041,0.005177,0.00010481,9.6794e-11,0.01156,4.005e-19,0.18115,0.00072548,7.5276e-18,5.7571e-05,2.2503e-19,2.6458e-19,0.60689,1.4083e-19,3.7052e-19,5.5484e-09,2.0977e-19,0.0089125
0.078674,1.626e-19,0.15612,0.0058309,1.4913e-05,9.7512e-13,0.019643,3.7958e-19,7.2782e-07,0.0020777,1.386e-19,3.9127e-12,2.1328e-19,2.5076e-19,0.73205,6.1174e-19,8.736e-18,2.29e-19,1.9881e-19,0.0055817
0.035541,1.8708e-19,0.073289,0.010119,1.2964e-17,3.2267e-19,0.0012209,4.3672e-19,0.047675,8.2944e-14,5.4487e-17,1.6086e-16,2.4538e-19,0.00039565,0.80704,1.5356e-19,1.2766e-08,0.0057949,2.2874e-19,0.018923
0.058005,2.577e-16,0.077055,0.010651,1.9623e-19,0.00041284,0.0082789,4.667e-19,0.0090992,1.0304e-13,1.7041e-19,9.3363e-09,2.6223e-19,3.0832e-19,0.83331,1.641e-19,4.3176e-19,0.0031836,2.4444e-19,4.3265e-19
0.048237,0.00047168,0.094922,0.01696,3.6445e-10,0.0010816,0.01262,3.601e-19,0.08813,0.00049485,1.3149e-19,5.7643e-11,2.0234e-19,2.379e-19,0.73683,1.2662e-19,3.3315e-19,0.00025518,1.8861e-19,1.2193e-07
0.096087,0.00056084,0.15869,0.0054966,0.00013326,0.00051693,2.7854e-19,3.7219e-19,0.0097934,6.4189e-05,5.3836e-14,1.0911e-08,2.0912e-19,2.4588e-19,0.72866,4.5334e-17,3.4432e-19,2.2454e-19,7.7753e-15,1.8808e-07
0.12632,5.1453e-07,0.15454,5.965e-19,7.4706e-05,5.9227e-15,0.0098711,3.389e-19,0.039696,2.0105e-06,1.2375e-19,0.0015425,1.9042e-19,2.2389e-19,0.64971,1.1917e-19,3.1353e-19,2.0446e-19,1.7751e-19,0.018234
0.076123,0.00043201,0.09263,0.020348,1.546e-19,0.0017667,0.017735,3.6768e-19,9.2584e-07,1.1448e-12,1.3426e-19,2.5831e-10,2.0659e-19,2.4291e-19,0.79096,1.2929e-19,3.4016e-19,1.5208e-10,1.9258e-19,1.7363e-16
0.035871,5.6366e-20,0.084745,1.2267e-19,2.0888e-11,9.7218e-20,0.010543,1.3158e-19,1.7054e-19,1.5056e-19,2.0428e-11,1.3922e-19,7.3933e-20,8.6928e-20,0.83583,4.6268e-20,0.00013632,7.9383e-20,6.8919e-20,0.032871
0.062085,1.6811e-19,0.12836,2.0313e-05,0.00015199,1.676e-10,0.021789,3.9244e-19,5.0862e-19,1.212e-14,1.433e-19,2.2749e-19,2.2051e-19,2.5926e-19,0.78021,1.3799e-19,3.6307e-19,2.6358e-06,2.0555e-19,0.0073804
0.044055,2.1824e-19,0.12734,0.00080321,0.00028886,3.7642e-19,0.016142,5.0947e-19,0.021842,0.00044489,1.893e-18,0.0030984,2.8626e-19,3.3658e-19,0.75913,1.7914e-19,4.7133e-19,3.0736e-19,2.6685e-19,0.02686
0.059487,1.832e-19,0.10937,0.0087415,2.2337e-10,1.2615e-06,0.014204,4.2766e-19,0.028012,8.3382e-10,1.5616e-19,5.7199e-10,2.4029e-19,2.8253e-19,0.78019,1.5038e-19,3.9565e-19,6.466e-16,2.24e-19,3.9646e-19
0.048486,1.6416e-19,0.075685,0.017305,6.7427e-11,9.3598e-06,0.0088405,3.8323e-19,0.054185,0.0018769,1.3993e-19,4.9558e-15,2.1533e-19,2.5318e-19,0.79361,1.3475e-19,3.5454e-19,1.1074e-08,2.0073e-19,3.5527e-19
0.011782,1.5395e-19,0.045467,0.055314,1.5111e-19,2.6554e-19,4.7909e-08,3.5939e-19,4.6579e-19,7.2045e-14,1.3123e-19,2.0834e-19,2.0194e-19,0.0037877,0.86194,1.2637e-19,3.3249e-19,2.1682e-19,1.8824e-19,0.021708
0.075112,1.771e-19,0.15407,0.0038448,2.2461e-10,0.00017543,0.012919,4.1342e-19,0.0061351,0.0083391,1.5096e-19,1.1287e-13,2.3229e-19,2.7312e-19,0.73549,1.4537e-19,3.8247e-19,2.4349e-05,2.1654e-19,0.0038861
0.058419,1.869e-19,0.067631,0.021359,1.8345e-19,0.00016705,0.015736,4.363e-19,0.017321,5.9226e-09,1.5931e-19,2.5292e-19,2.4515e-19,2.8824e-19,0.81937,1.5341e-19,4.0364e-19,8.1108e-10,2.2852e-19,4.0447e-19
0.067718,1.628e-19,0.10463,0.013014,4.1316e-13,7.3852e-05,0.01039,3.8003e-19,0.013034,2.779e-10,1.3877e-19,3.2193e-06,2.1353e-19,2.5107e-19,0.78807,1.3363e-19,3.5158e-19,0.003059,1.9905e-19,4.0132e-17
0.059452,1.8147e-06,0.079274,0.0089053,4.9033e-12,2.9304e-09,0.013488,5.3479e-19,0.049191,0.0040742,1.9528e-19,3.1001e-19,3.0049e-19,3.533e-19,0.77993,1.8805e-19,4.9475e-19,0.0056766,2.8011e-19,1.2336e-05
0.06914,1.5202e-19,0.067394,0.026402,4.8778e-09,5.2336e-11,0.021029,3.5487e-19,0.20505,0.0002329,1.2958e-19,6.6313e-15,1.994e-19,2.3444e-19,0.59758,1.2478e-19,6.9757e-18,0.012754,1.8587e-19,0.00041479
0.05927,5.1978e-08,0.15292,0.00882,0.00012524,0.017261,0.024423,4.6091e-19,0.02529,0.0083305,1.683e-19,1.7501e-09,2.5898e-19,3.045e-19,0.70351,1.6207e-19,4.2641e-19,5.0841e-05,2.4141e-19,7.7177e-08
0.072509,6.4289e-16,0.10016,0.0022809,8.9681e-08,1.979e-07,0.0066251,4.5134e-19,5.8495e-19,1.2018e-10,9.863e-18,1.9657e-09,2.536e-19,1.8511e-06,0.81518,1.587e-19,2.045e-16,2.7229e-19,2.364e-19,0.0032412
0.085009,1.0104e-16,0.16158,0.015852,6.7115e-19,0.00037544,0.0094781,4.673e-19,0.017323,1.4449e-07,1.7063e-19,3.9076e-05,2.6257e-19,3.0872e-19,0.71034,1.6432e-19,4.3232e-19,4.6145e-07,2.4476e-19,4.3321e-19
0.0455,1.7939e-19,0.095642,0.006677,4.6388e-10,7.2425e-12,0.011024,4.1877e-19,0.042815,8.1467e-05,1.5291e-19,3.8152e-05,2.353e-19,2.7665e-19,0.79822,1.4725e-19,1.9284e-13,2.5264e-19,2.1934e-19,4.013e-07
0.04232,2.0185e-19,0.062141,0.0067123,9.0207e-13,8.1207e-05,0.01416,4.712e-19,6.1069e-19,0.00093248,1.7206e-19,2.7315e-19,2.6476e-19,3.1129e-19,0.87222,1.6569e-19,0.0013993,7.0492e-06,2.468e-19,3.0072e-05
0.030828,1.5161e-19,0.14174,1.6618e-10,1.82e-08,2.6149e-19,0.018313,3.5392e-19,0.071224,4.0498e-19,5.1292e-19,4.7144e-06,1.9886e-19,2.3381e-19,0.72915,1.2445e-19,3.2743e-19,6.3838e-16,1.8538e-19,0.0087453
0.047702,0.00013166,0.059241,0.012526,1.1601e-19,5.5522e-06,0.0056125,2.7592e-19,0.077724,0.0026391,1.0075e-19,1.5994e-19,1.5503e-19,1.8228e-19,0.79442,9.702e-20,2.5526e-19,2.1512e-09,1.4452e-19,4.8279e-19
0.071477,1.3379e-19,0.10176,0.013623,1.3132e-19,0.00084049,0.010444,3.1231e-19,0.032041,0.0036888,1.1404e-19,1.8104e-19,1.7548e-19,2.0633e-19,0.76608,1.0982e-19,2.8893e-19,5.0709e-05,1.6358e-19,2.8953e-19
0.073288,1.3444e-19,0.088663,0.0078367,5.6925e-13,2.3188e-19,5.9732e-15,3.1384e-19,4.0675e-19,3.5912e-19,5.4638e-09,0.0013224,1.7634e-19,0.005668,0.80433,1.1036e-19,0.0012769,1.8934e-19,1.6438e-19,0.017618
0.055749,1.3424e-19,0.088248,2.9215e-19,4.628e-06,2.3153e-19,0.010569,3.1336e-19,4.0614e-19,3.5857e-19,1.1442e-19,1.7858e-07,1.7607e-19,2.0702e-19,0.83162,1.1019e-19,9.1451e-16,1.059e-11,1.6413e-19,0.013813
0.061635,1.2358e-19,0.12531,2.6896e-19,1.0301e-13,2.1316e-19,0.012834,2.885e-19,3.7391e-19,1.5063e-08,1.0534e-19,1.6724e-19,1.621e-19,1.9059e-19,0.78297,1.0144e-19,0.0036602,1.1869e-17,1.5111e-19,0.013589
0.11946,4.1349e-10,0.11935,0.00096497,5.4275e-05,1.0509e-09,0.012842,4.4169e-19,0.002372,1.0251e-16,6.6134e-08,0.0013899,2.4818e-19,5.7194e-13,0.73674,1.5531e-19,4.0863e-19,2.6647e-19,2.3135e-19,0.0068327
0.065508,7.6543e-16,0.076822,0.023478,2.3672e-17,0.00058391,0.01719,4.3614e-19,0.01075,0.00434,1.5925e-19,2.5282e-19,2.4506e-19,2.8813e-19,0.80133,1.5336e-19,4.0349e-19,7.0787e-17,2.2844e-19,4.0432e-19
0.068698,1.4966e-19,0.10302,3.2571e-19,4.3512e-06,2.5813e-19,0.013425,3.4936e-19,0.014753,3.9976e-19,1.2757e-19,1.7987e-05,1.963e-19,2.308e-19,0.77743,1.2285e-19,3.2321e-19,3.7397e-07,1.8299e-19,0.022656
0.017729,1.6006e-19,0.083161,0.0039708,7.6119e-06,2.7608e-19,0.025074,3.7366e-19,0.13684,0.0024394,1.3644e-19,2.166e-19,2.0995e-19,2.4685e-19,0.71489,1.3139e-19,3.4626e-16,0.000682,1.9571e-19,0.015205
0.045138,1.6394e-19,0.070766,0.0091786,1.4722e-07,1.2608e-13,0.0082817,3.8271e-19,0.035177,0.0029014,1.103e-14,9.3667e-18,2.1504e-19,2.5283e-19,0.82856,1.3457e-19,1.6576e-17,2.3089e-19,3.1319e-17,2.7168e-14
0.069057,1.4203e-19,0.15293,3.0911e-19,0.00025942,2.4497e-19,0.01044,3.3156e-19,4.2972e-19,3.7939e-19,6.9029e-09,0.0028881,1.863e-19,2.1904e-19,0.73518,1.1659e-19,3.0674e-19,0.0044425,1.7366e-19,0.024806
0.062136,1.5628e-19,0.11728,0.0005921,4.8757e-05,1.8401e-16,0.02102,3.6482e-19,0.0001888,0.0037608,4.1085e-15,2.1148e-19,2.0499e-19,2.4101e-19,0.78998,1.2828e-19,3.3127e-11,2.201e-19,6.9755e-15,0.004994
0.049933,2.3782e-19,0.088522,0.016579,2.5039e-09,1.0339e-09,0.0054546,5.5516e-19,0.11082,0.059201,2.0272e-19,0.0053617,3.1194e-19,3.6676e-19,0.66412,1.9521e-19,5.136e-19,3.1526e-06,2.9078e-19,2.5621e-10
0.020448,1.5814e-10,0.040603,0.025104,1.7682e-19,0.0004526,0.005841,4.2053e-19,0.0021733,5.0702e-09,1.5355e-19,2.4377e-19,2.3629e-19,5.6797e-11,0.90538,1.4787e-19,3.8905e-19,1.2924e-13,2.2026e-19,3.8985e-19
0.050534,1.3505e-19,0.054536,0.0043827,4.0303e-05,0.0016631,0.0062875,2.7538e-17,0.12964,0.0032992,1.1512e-19,6.3644e-10,1.7714e-19,2.0828e-19,0.73905,1.1086e-19,2.9167e-19,0.0029608,1.6513e-19,0.0075996
0.038473,2.1155e-19,0.082883,0.0276,2.0765e-19,5.1642e-14,0.0022477,4.9385e-19,0.048288,5.6509e-19,1.8033e-19,0.00071507,2.7749e-19,1.5179e-12,0.79979,1.7365e-19,4.5688e-19,8.2758e-09,2.5867e-19,4.5782e-19
0.067537,0.00034134,0.11567,5.487e-12,8.151e-05,2.9425e-19,0.0037523,3.9825e-19,5.1615e-19,5.8276e-16,1.7213e-13,0.00084238,2.2377e-19,4.4601e-12,0.78658,1.4004e-19,3.6844e-19,2.4027e-19,2.0859e-19,0.025196
0.067737,1.8137e-19,0.13434,3.9473e-19,1.7802e-19,3.1282e-19,0.018213,4.2339e-19,5.4874e-19,9.3725e-19,1.546e-19,2.6744e-19,2.379e-19,2.7971e-19,0.76746,1.4888e-19,0.0012934,0.0039168,2.2176e-19,0.0070372
0.065741,1.8412e-19,0.072495,4.0071e-19,4.2151e-15,4.2107e-07,0.020146,4.2981e-19,5.5705e-19,3.7341e-18,1.5694e-19,3.7926e-18,2.415e-19,0.0027605,0.82421,1.5113e-19,5.836e-06,0.003513,2.2512e-19,0.01113
0.060173,0.00013851,0.082669,0.03326,2.2821e-12,1.1308e-14,0.0024251,3.4945e-19,2.3184e-11,8.607e-07,3.7464e-18,3.8684e-08,1.9635e-19,0.0010078,0.82033,1.2288e-19,1.4843e-13,2.1082e-19,8.3165e-13,3.2396e-19
0.046492,1.1897e-15,0.076744,0.0075515,2.7167e-12,4.6497e-09,0.022231,2.7705e-19,0.0057915,1.1199e-17,1.0117e-19,4.6309e-10,1.5567e-19,2.1e-07,0.84119,9.742e-20,5.5647e-19,2.9607e-18,1.4511e-19,2.5684e-19
0.067947,1.687e-19,0.083954,0.0012199,8.7674e-05,7.0857e-19,0.008004,3.9382e-19,0.0078674,0.00011245,6.1274e-13,2.8235e-14,2.2128e-19,1.4428e-14,0.81236,9.9826e-12,0.0067258,0.0019306,6.4264e-06,0.0097835
0.060492,1.9235e-19,0.13168,0.025819,1.888e-19,9.1538e-12,0.01765,4.4903e-19,0.014031,0.0030694,1.6396e-19,4.3777e-15,2.523e-19,2.9664e-19,0.74726,1.5789e-19,4.1541e-19,1.3133e-17,2.3519e-19,4.1627e-19
0.051785,1.8632e-19,0.061112,0.017377,5.0793e-15,0.00077222,0.013807,7.3356e-13,0.018863,0.012103,1.5882e-19,2.5213e-19,2.4439e-19,2.8734e-19,0.82418,1.5294e-19,4.0238e-19,3.1917e-12,2.2781e-19,4.0321e-19
0.038681,8.929e-20,0.078073,0.00098159,1.7637e-08,5.3076e-06,0.0080164,2.0844e-19,0.013568,8.9081e-15,7.6111e-20,0.00046182,1.1712e-19,1.377e-19,0.85585,7.3293e-20,1.9284e-19,5.5798e-11,1.0918e-19,0.0043579
0.056829,1.8012e-19,0.071143,0.0091565,2.1951e-15,9.616e-15,0.0080271,4.2048e-19,0.066007,0.0022763,1.5354e-19,2.4374e-19,2.3626e-19,2.7778e-19,0.77951,1.4785e-19,3.89e-19,4.4763e-08,2.2024e-19,0.0070476
0.15092,0.0014611,0.046907,0.0049573,1.4751e-19,1.1258e-09,0.017155,3.5083e-19,4.5469e-19,5.8723e-15,1.281e-19,2.0337e-19,1.9712e-19,6.9215e-05,0.77853,1.2336e-19,8.8814e-08,2.1166e-19,1.8375e-19,3.2523e-19
0.037374,0.0010939,0.053022,0.015595,1.3955e-19,3.6222e-07,0.0067843,3.3188e-19,0.12137,0.00062022,1.2119e-19,1.9239e-19,1.8648e-19,2.1926e-19,0.76414,1.167e-19,1.1314e-07,2.0023e-19,1.7383e-19,3.0767e-19
0.055609,1.3097e-19,0.090236,0.0026696,3.9047e-12,4.2111e-06,0.015934,3.0575e-19,0.016816,4.3746e-14,1.1164e-19,0.00028413,1.7179e-19,2.0199e-19,0.80419,1.0751e-19,2.8286e-19,8.0557e-05,1.6014e-19,0.014173
0.03426,2.3848e-05,0.11523,5.9897e-10,9.8949e-14,2.385e-19,0.057734,3.228e-19,4.1837e-19,0.0017303,1.1787e-19,1.8713e-19,1.8138e-19,2.1326e-19,0.78621,1.1351e-19,0.00091235,0.0033742,1.6908e-19,0.00052632
0.095345,0.001646,0.045691,0.010313,2.8109e-18,2.4852e-17,0.047915,3.3299e-19,4.3157e-19,3.8103e-19,1.5197e-13,4.9895e-14,1.871e-19,0.0076899,0.78852,1.1709e-19,0.0028789,2.0089e-19,1.7441e-19,3.087e-19
0.013127,1.44e-19,0.15668,3.1339e-19,9.3125e-05,3.0061e-17,0.038079,3.3615e-19,4.3566e-19,3.8464e-19,1.3347e-16,0.0032818,1.8887e-19,2.2207e-19,0.77545,1.182e-19,0.00013389,0.0051255,1.7606e-19,0.0080369
0.011319,1.5988e-19,0.056572,0.0071154,1.1693e-11,2.7575e-19,0.024418,3.7322e-19,0.034572,0.0068709,1.3628e-19,2.1635e-19,2.097e-19,2.4656e-19,0.85431,4.4925e-16,0.0019906,0.002833,1.5647e-15,6.2408e-19
0.055488,0.00030897,0.10974,0.012613,1.4151e-19,0.0010422,0.0096398,3.3655e-19,0.0058621,2.638e-18,1.2289e-19,1.5557e-16,1.891e-19,6.0173e-19,0.8053,1.1834e-19,3.1136e-19,5.9518e-19,1.7628e-19,4.7521e-16
0.040781,1.4532e-19,0.12383,0.00098732,2.8667e-05,8.1839e-19,0.024022,3.3923e-19,1.7269e-08,2.1854e-07,1.2387e-19,1.4924e-13,1.9061e-19,2.2411e-19,0.80161,1.1928e-19,2.0416e-09,0.0019161,1.7768e-19,0.006823
0.065999,2.691e-05,0.072024,0.010016,1.2601e-19,3.6096e-19,0.010622,2.9969e-19,3.8842e-19,3.4293e-19,1.0943e-19,0.00057444,1.6839e-19,3.3742e-11,0.82434,1.0538e-19,2.7726e-19,0.0044452,1.5697e-19,0.011949
0.030364,1.4385e-19,0.093593,3.1308e-19,2.2804e-06,2.4812e-19,0.007673,3.3581e-19,4.3523e-19,3.8426e-19,1.2262e-19,6.631e-08,1.8869e-19,2.2185e-19,0.85135,1.1808e-19,3.9692e-10,0.0022732,1.7589e-19,0.014747
0.085695,0.0085713,0.072626,2.1875e-11,9.6617e-13,3.2169e-19,0.021035,4.3539e-19,5.6428e-19,4.982e-19,2.5416e-19,1.2528e-17,2.4464e-19,2.8764e-19,0.79381,1.5309e-19,4.24e-10,2.6267e-19,2.2805e-19,0.018258
0.044191,2.6409e-09,0.083677,0.0052664,1.8715e-19,0.00099089,0.010442,4.451e-19,0.011087,2.6118e-08,1.6253e-19,2.5802e-19,2.5009e-19,2.9405e-19,0.84431,1.5651e-19,6.2399e-15,4.0544e-05,2.3313e-19,2.8494e-16
0.050339,1.3138e-19,0.084815,2.8593e-19,6.8798e-18,2.266e-19,0.012469,3.0669e-19,3.9749e-19,3.5093e-19,1.1199e-19,3.8759e-15,1.7232e-19,2.0261e-19,0.83305,1.0784e-19,7.9806e-07,4.2613e-07,1.6064e-19,0.019323
0.02648,1.7426e-19,0.067398,0.013317,1.0653e-05,3.0056e-19,0.008558,4.0679e-19,1.0629e-05,0.0082903,4.6227e-19,2.3581e-19,2.2857e-19,2.6874e-19,0.85752,1.4304e-19,0.00034636,0.0048264,1.0058e-09,0.013243
0.077096,0.00022899,0.080036,0.014803,1.1683e-06,3.094e-10,0.0067103,3.7089e-19,0.0041208,1.1384e-12,1.3789e-17,0.0001307,2.0839e-19,2.4502e-19,0.80869,1.3041e-19,3.4312e-19,2.2376e-19,1.9426e-19,0.0081836
0.022171,1.3744e-19,0.14722,2.9912e-19,0.00026463,2.3706e-19,0.027754,3.2085e-19,4.1583e-19,1.6626e-07,1.1741e-14,0.00090134,1.8028e-19,2.1196e-19,0.78023,1.1282e-19,2.9683e-19,1.7686e-17,1.6805e-19,0.021453
0.053214,1.9522e-19,0.048868,0.01427,5.278e-13,2.6019e-05,0.0085214,4.5572e-19,0.044896,0.0095386,1.6641e-19,2.6418e-19,2.5606e-19,3.0107e-19,0.82067,1.6025e-19,4.2161e-19,3.4034e-15,2.387e-19,4.2248e-19
0.055001,4.191e-05,0.044754,0.019726,2.3042e-19,0.00086135,2.2571e-14,9.6587e-16,0.33892,0.00010377,2.001e-19,4.7118e-09,3.0791e-19,3.6203e-19,0.54059,1.9269e-19,5.0698e-19,6.7371e-11,2.8703e-19,5.0802e-19
0.078783,9.4238e-11,0.11934,0.012788,1.7294e-14,0.00027373,0.01274,3.7213e-19,0.045485,0.0043949,1.3588e-19,2.8324e-10,2.0909e-19,2.4584e-19,0.7262,1.3085e-19,3.4427e-19,4.9596e-17,1.9491e-19,3.4498e-19
0.088436,1.957e-19,0.11344,0.010477,1.1743e-13,4.3971e-06,0.016421,4.5684e-19,0.021162,0.0070125,1.6681e-19,0.00036445,2.5669e-19,3.0181e-19,0.74269,1.6064e-19,4.2264e-19,4.4116e-13,2.3928e-19,9.8644e-17
0.036594,0.0002208,0.10377,0.0035412,4.4595e-05,2.2645e-19,0.029587,3.0649e-19,0.0065292,0.00011646,1.1191e-19,2.1138e-17,1.7221e-19,2.0248e-19,0.81236,1.5811e-17,0.00077284,8.0198e-06,1.6053e-19,0.0064507
0.044231,8.1558e-19,0.11325,0.11104,1.901e-19,3.3405e-19,0.0031341,4.5212e-19,0.031416,0.0050635,1.6509e-19,2.6469e-07,2.5404e-19,2.9869e-19,0.69186,1.5898e-19,4.1828e-19,2.7277e-19,2.3681e-19,4.1914e-19
0.044511,1.5065e-19,0.081585,0.0041357,1.2773e-05,2.5984e-19,0.013347,3.5169e-19,4.5581e-19,1.5252e-06,1.2842e-19,6.0357e-05,1.9761e-19,2.3234e-19,0.83987,1.2366e-19,3.2536e-19,5.0003e-19,1.8421e-19,0.016474
0.090851,1.7493e-19,0.08386,0.0037698,2.4296e-07,9.0682e-13,0.013154,4.0836e-19,1.7562e-06,5.0344e-05,1.4911e-19,2.0376e-09,2.2945e-19,2.6978e-19,0.7924,0.0011669,3.7779e-19,0.0039644,2.1389e-19,0.01078
0.043177,1.4013e-19,0.10672,1.755e-09,1.3755e-19,2.4169e-19,0.002988,3.2712e-19,4.2397e-19,3.7432e-19,4.9621e-19,2.4186e-07,1.838e-19,4.6819e-07,0.83266,1.1503e-19,3.0416e-09,9.2164e-07,1.7134e-19,0.014456
0.062462,1.7725e-19,0.088031,0.0054063,0.00057099,1.9009e-16,0.0059898,4.1377e-19,0.093858,0.0022808,1.5109e-19,0.0022721,2.3249e-19,2.7335e-19,0.73913,1.4549e-19,3.8279e-19,2.4963e-19,2.1672e-19,4.4379e-12
0.079727,0.00063132,0.084378,3.8703e-19,0.00028126,0.00017908,0.025745,4.1513e-19,0.00090956,0.020346,1.5158e-19,2.4065e-19,2.3325e-19,2.7425e-19,0.78078,1.4597e-19,3.8406e-19,2.5045e-19,1.3735e-07,0.0070241
0.064401,0.00044081,0.12501,0.011503,2.6555e-05,2.2909e-19,0.014658,3.1006e-19,4.0186e-19,1.0293e-08,1.1322e-19,9.0045e-05,1.7422e-19,2.7486e-10,0.77248,1.0903e-19,2.8685e-19,1.8706e-19,1.624e-19,0.011391
0.08904,0.002387,0.090783,0.0047817,8.7828e-05,0.00057209,0.019616,4.266e-19,5.529e-19,0.0045346,1.5577e-19,2.473e-19,2.397e-19,2.8183e-19,0.78655,1.5001e-19,3.2408e-15,2.5737e-19,3.8411e-16,0.0016501
0.056947,2.0679e-07,0.093026,0.02329,1.9006e-19,2.7718e-07,0.0053347,4.5202e-19,0.016483,0.0034505,1.6506e-19,7.668e-12,2.5398e-19,2.9862e-19,0.80147,1.5894e-19,4.1819e-19,6.99e-11,2.3676e-19,5.9303e-19
0.064752,1.6191e-19,0.079076,0.0045279,9.5012e-05,0.0013876,0.011124,3.7796e-19,0.079411,0.0072976,1.3801e-19,1.6791e-09,2.1237e-19,2.4969e-19,0.75233,1.329e-19,3.4966e-19,3.8942e-13,8.5943e-19,7.9758e-19
0.06843,0.0030858,0.12394,4.3541e-19,0.00018846,3.4506e-19,0.0030657,4.6703e-19,6.0529e-19,5.344e-19,0.00066371,0.0018473,2.6242e-19,0.00015826,0.77802,1.6422e-19,4.6409e-14,7.5168e-18,2.4462e-19,0.020602
0.059101,1.6156e-19,0.094114,0.025363,7.7456e-17,9.7792e-12,0.018353,3.7714e-19,0.042983,0.0014907,1.3771e-19,1.961e-13,2.1191e-19,2.4916e-19,0.7586,1.3261e-19,3.4891e-19,6.4139e-13,1.9754e-19,3.4963e-19
0.052494,1.4012e-19,0.10437,0.0014229,2.2548e-06,2.4168e-19,0.0036339,3.271e-19,0.062936,3.5853e-12,1.5109e-10,2.4245e-08,1.8379e-19,1.1206e-15,0.75675,3.629e-17,0.0016014,9.0107e-16,1.847e-18,0.016791
0.05734,0.00025401,0.12572,0.015798,2.0591e-19,0.0014108,0.01028,3.2294e-19,0.0077323,3.0829e-13,1.1792e-19,0.0010713,1.8146e-19,2.1335e-19,0.7804,1.1356e-19,2.9877e-19,2.2741e-13,1.6915e-19,2.9938e-19
0.071091,1.5366e-19,0.1087,0.0030134,1.3464e-07,8.6195e-15,0.018452,3.5871e-19,4.649e-19,0.0024507,1.3098e-19,6.7715e-12,2.0155e-19,2.3698e-19,0.78981,1.2613e-19,3.3185e-19,2.1641e-19,1.8788e-19,0.0064801
0.042573,1.137e-09,0.038849,0.06711,1.1388e-19,1.2188e-08,0.0018021,2.7083e-19,3.5101e-19,1.1791e-13,9.8893e-20,1.57e-19,1.5217e-19,8.283e-07,0.84967,9.5232e-20,2.5056e-19,1.6339e-19,1.4186e-19,1.1265e-07
0.062901,0.00053754,0.14515,0.0033793,2.7548e-05,2.4888e-19,0.019441,3.3686e-19,4.3658e-19,3.7102e-07,2.0042e-19,1.9527e-19,1.8927e-19,3.4573e-06,0.76213,1.1845e-19,0.0038953,2.0323e-19,1.3656e-05,0.0025179
0.043263,1.8514e-19,0.06743,0.021303,1.8172e-19,6.654e-07,0.0076096,4.3219e-19,0.10479,0.0021612,1.5781e-19,3.0298e-08,2.4284e-19,2.8552e-19,0.74772,1.5197e-19,3.9983e-19,0.0057196,2.2637e-19,4.0066e-19
0.090734,3.3526e-16,0.096476,0.0017574,6.959e-05,5.9392e-13,0.010497,5.6057e-19,3.5752e-06,1.7166e-11,2.0469e-19,2.2051e-08,3.1497e-19,4.2205e-16,0.78548,1.9711e-19,5.1861e-19,7.6177e-07,2.9361e-19,0.014979
0.0020777,1.401e-19,0.040127,0.019404,1.3751e-19,0.002875,0.030125,0.0045376,0.0056989,0.019221,1.1942e-19,1.8958e-19,1.799e-17,2.1606e-19,0.86959,1.15e-19,3.0256e-19,1.973e-19,0.0028473,0.003498
0.030253,0.00123,0.069207,0.0034495,1.6994e-19,2.9862e-19,0.019262,4.0417e-19,0.024758,0.0081161,1.4758e-19,2.3429e-19,0.0001388,2.6701e-19,0.84359,1.4212e-19,3.7391e-19,1.6437e-15,2.1169e-19,6.4485e-09
0.087183,1.947e-19,0.1025,0.0026072,1.9111e-19,3.3582e-19,0.016524,4.5452e-19,5.8907e-19,5.2009e-19,1.6597e-19,1.8415e-07,2.5538e-19,4.8335e-12,0.77656,1.5982e-19,4.2049e-19,2.1336e-15,2.3806e-19,0.014625
0.068965,1.5439e-19,0.14274,3.36e-19,1.5109e-06,2.6628e-19,0.024929,3.604e-19,4.671e-19,4.1239e-19,1.316e-19,0.0018851,2.025e-19,5.9808e-10,0.73673,1.2673e-19,3.3342e-19,1.0559e-16,1.8877e-19,0.024749
0.059373,1.8234e-19,0.089386,0.0074194,8.9635e-05,0.0004209,0.016643,4.2565e-19,0.067254,0.010238,1.5543e-19,6.9915e-06,2.3917e-19,2.812e-19,0.74917,1.4967e-19,3.9379e-19,1.3018e-15,2.2295e-19,3.946e-19
0.030736,2.4005e-05,0.048999,0.058039,2.2036e-19,3.8721e-19,0.0041984,5.2408e-19,0.029347,0.0038395,1.9137e-19,3.038e-19,2.9447e-19,3.4623e-19,0.82482,1.8428e-19,4.8485e-19,3.1618e-19,2.745e-19,4.8585e-19
0.047187,1.3427e-19,0.048193,0.080222,1.318e-19,2.3159e-19,2.3458e-19,3.1345e-19,1.0467e-15,0.0035459,1.1446e-19,1.817e-19,1.7612e-19,2.0708e-19,0.81482,1.1022e-19,2.8998e-19,0.0060343,1.6418e-19,2.9058e-19
0.028626,1.3048e-19,0.086541,0.0011055,2.5654e-14,2.2505e-19,0.0036874,3.046e-19,3.9477e-19,3.4854e-19,4.295e-10,3.4003e-13,1.7115e-19,0.0018614,0.86295,1.071e-19,0.0037128,0.0027783,1.5954e-19,0.008736
0.055376,1.9407e-19,0.15152,4.2238e-19,1.4174e-05,3.3473e-19,0.017074,4.5305e-19,5.8717e-19,5.1987e-13,1.6543e-19,1.081e-10,2.5456e-19,2.993e-19,0.75369,1.593e-19,4.1914e-19,0.0046047,2.373e-19,0.017719
0.039094,1.7788e-19,0.082111,0.0062299,1.9546e-14,3.0681e-19,0.010315,4.1526e-19,5.3819e-19,5.7117e-05,1.5163e-19,2.6537e-08,2.3332e-19,0.00058424,0.84581,1.4602e-19,3.8417e-19,1.058e-09,2.175e-19,0.015801
0.046565,0.00046957,0.14762,0.010581,2.125e-09,9.1676e-18,0.014263,3.0622e-19,3.9688e-19,1.1456e-16,1.1182e-19,1.0895e-10,1.7206e-19,2.023e-19,0.78044,1.0768e-19,2.833e-19,5.8424e-05,1.6039e-19,4.4405e-06
0.098287,1.3839e-19,0.12041,0.0070459,1.9906e-05,2.3868e-19,0.019817,3.2305e-19,0.020138,1.1104e-17,7.0784e-14,0.00020557,1.8152e-19,1.109e-12,0.71538,1.1359e-19,2.1811e-12,0.0061356,1.6921e-19,0.01256
0.056101,2.0964e-19,0.058879,0.0063911,2.0577e-19,9.0618e-14,0.012634,4.8939e-19,0.041392,3.3437e-05,1.787e-19,2.8369e-19,2.7498e-19,3.2331e-19,0.82457,1.7208e-19,4.4134e-13,1.1381e-17,2.5633e-19,3.1222e-16
0.098343,1.483e-19,0.17445,3.2275e-19,4.8087e-05,2.5578e-19,0.0086637,3.4619e-19,4.4868e-19,3.9613e-19,1.121e-12,0.0012682,1.9452e-19,0.00094463,0.69591,1.2173e-19,3.2028e-19,1.1229e-08,1.8133e-19,0.02037
0.067712,0.00043618,0.095522,0.0025643,0.0001243,0.0014143,0.020385,4.3033e-19,0.0029824,0.01092,1.5714e-19,0.00049003,2.418e-19,2.843e-19,0.79745,1.5132e-19,3.9812e-19,1.728e-11,2.254e-19,3.9894e-19
0.067023,1.818e-19,0.11255,0.0071132,6.5826e-08,0.0019717,0.024873,4.2441e-19,0.0109,0.0022833,1.5497e-19,0.0083085,2.3847e-19,2.8038e-19,0.76497,1.4923e-19,3.9264e-19,3.0159e-13,2.2229e-19,2.6228e-09
0.072583,1.5886e-19,0.11762,0.0036061,0.00016714,0.00053675,0.014233,3.7084e-19,0.048703,0.0066675,1.3541e-19,0.00044426,2.0837e-19,2.4499e-19,0.73076,1.304e-19,3.4308e-19,1.9987e-12,1.9424e-19,0.0046797
0.045159,0.0001376,0.12674,3.7854e-19,1.7072e-19,3e-19,0.01035,4.0603e-19,0.019507,4.6461e-19,1.4826e-19,4.7898e-16,2.2814e-19,0.00076618,0.77428,1.4277e-19,0.010018,0.0020049,2.1267e-19,0.011035
0.088149,0.00048914,0.1132,0.015661,0.007272,0.0005121,0.035841,0.0074345,7.6626e-16,0.0012462,1.0423e-17,3.2587e-15,0.013432,7.5646e-09,0.71669,2.1562e-19,2.7288e-17,4.7701e-16,3.2119e-19,7.264e-05
0.081414,2.2744e-19,0.063512,0.009991,0.0001847,0.0021307,0.021762,5.3094e-19,0.17486,0.0076151,1.9387e-19,0.00097413,2.9833e-19,3.5076e-19,0.63753,4.5204e-18,1.0575e-13,2.5032e-05,6.6219e-16,9.3961e-09
0.060429,1.6947e-19,0.077514,0.002298,8.8089e-05,0.0027901,0.044364,3.9561e-19,5.1273e-19,4.5268e-19,1.4446e-19,1.492e-15,2.2228e-19,3.0553e-18,0.80019,1.3911e-19,1.4522e-14,0.00436,2.0721e-19,0.0079654
0.034095,1.1532e-19,0.070726,0.01317,1.1319e-19,2.8028e-10,0.020877,2.6921e-19,0.0035945,0.0007578,9.8302e-20,1.7718e-18,1.5126e-19,1.7785e-19,0.85109,9.4662e-20,2.4906e-19,0.0056938,1.4101e-19,1.0443e-07
0.058882,0.00024075,0.067937,0.023384,1.7461e-19,9.0654e-05,0.016355,4.1527e-19,0.013937,5.2586e-12,1.5164e-19,6.3252e-19,2.3333e-19,1.2111e-15,0.81917,1.4602e-19,3.8419e-19,2.5054e-19,2.1751e-19,3.8498e-19
0.061866,1.4111e-19,0.11962,3.0711e-19,5.1863e-16,2.4339e-19,0.0089953,3.2941e-19,4.2694e-19,3.7693e-19,8.3299e-13,7.6079e-08,1.8509e-19,0.0012284,0.78117,1.1583e-19,0.0022104,5.5953e-15,1.7254e-19,0.024911
0.034858,1.4236e-19,0.082584,0.011138,2.9399e-15,2.4553e-19,0.01083,3.3232e-19,9.0241e-05,0.0033937,1.2135e-19,3.1194e-16,1.8672e-19,2.1954e-19,0.85159,1.1685e-19,3.0744e-19,0.005515,1.7406e-19,3.0808e-19
0.045601,0.00075584,0.097712,0.0018668,7.656e-14,1.0264e-18,0.011754,3.4025e-19,4.4097e-19,3.8933e-19,1.2424e-19,6.0057e-13,1.9118e-19,2.2478e-19,0.82936,1.1964e-19,2.6174e-16,1.682e-12,1.7821e-19,0.012955
0.065552,1.1553e-19,0.069067,0.021348,1.134e-19,1.9927e-19,0.012332,2.697e-19,0.19033,7.9974e-09,2.7285e-11,2.3827e-14,1.5154e-19,6.5048e-15,0.63882,9.4834e-20,5.1834e-18,1.6271e-19,1.4126e-19,0.0025443
0.053803,1.2202e-19,0.11467,0.017597,5.7549e-09,1.6589e-09,0.01015,2.8485e-19,0.0030626,8.0285e-12,1.0401e-19,1.6146e-11,1.6005e-19,9.2144e-08,0.7997,1.0016e-19,2.6353e-19,0.00098446,1.492e-19,3.8916e-05
0.044018,1.7255e-19,0.074831,3.7553e-19,1.6937e-19,2.9761e-19,0.011563,4.028e-19,5.2205e-19,4.6091e-19,1.4708e-19,9.7186e-17,2.2633e-19,2.6611e-19,0.84004,1.4164e-19,0.0035855,0.0084042,2.1098e-19,0.017557
0.02365,1.2862e-19,0.020831,0.0031814,1.2218e-07,2.2184e-19,0.014834,3.0025e-19,3.8914e-19,0.0060533,1.0964e-19,1.7405e-19,1.6871e-19,1.9836e-19,0.92077,1.0558e-19,0.0063877,0.0042962,2.9328e-07,2.7835e-19
0.039455,2.7515e-08,0.017041,0.010348,1.6508e-19,2.9007e-19,0.037545,3.926e-19,5.0883e-19,1.1987e-06,1.4336e-19,2.2758e-19,2.2059e-19,2.5937e-19,0.88653,1.3805e-19,3.6321e-19,2.3686e-19,2.0563e-19,0.0090792
0.12409,1.4644e-19,0.16822,0.0092222,1.7626e-17,0.00090644,0.017707,3.3206e-19,0.014332,0.0049209,1.2125e-19,3.1841e-14,1.8658e-19,2.1937e-19,0.6606,1.1676e-19,3.0721e-19,2.0034e-19,1.7393e-19,2.978e-16
0.046078,1.425e-19,0.077083,0.0059149,1.3987e-19,2.4577e-19,0.0086181,3.3265e-19,0.030186,3.8063e-19,0.00035341,1.9283e-19,1.8691e-19,0.0036412,0.81354,1.1697e-19,0.0039174,1.2749e-18,1.7423e-19,0.010672
0.050477,1.8784e-19,0.093723,4.0881e-19,6.9259e-05,3.2398e-19,0.011454,4.385e-19,0.0098731,5.0176e-19,9.7708e-08,0.0039324,2.4639e-19,2.8969e-19,0.79645,1.5419e-19,4.0568e-19,0.0025983,2.2968e-19,0.031427
0.048244,1.1145e-19,0.13387,0.0033677,3.1994e-15,1.9223e-19,0.0055976,2.6018e-19,2.7215e-12,2.9771e-19,9.5004e-20,5.1524e-17,1.4619e-19,1.1844e-18,0.79474,9.1486e-20,8.9333e-18,5.7485e-05,1.3628e-19,0.014128
0.10071,1.6116e-19,0.24552,3.5073e-19,0.00010941,1.0812e-17,0.012047,3.7621e-19,0.0054792,1.7688e-05,1.3737e-19,1.4119e-11,2.1138e-19,2.4854e-19,0.62295,1.3228e-19,3.4804e-19,7.6348e-07,1.9705e-19,0.013161
0.099108,1.3536e-18,0.14777,0.012354,4.633e-09,0.00066066,0.022365,3.4121e-19,2.2588e-07,0.0058352,1.2459e-19,5.3712e-06,1.9172e-19,2.2542e-19,0.7119,1.1998e-19,3.1567e-19,6.598e-15,1.7872e-19,2.39e-14
0.076687,1.3048e-19,0.073148,2.8397e-19,2.3964e-08,2.2505e-19,0.012499,3.046e-19,3.9477e-19,6.6321e-17,1.1122e-19,0.00081858,2.311e-10,2.0123e-19,0.8214,1.071e-19,6.3452e-10,0.0029416,1.5954e-19,0.012505
0.076683,0.00037755,0.080344,0.016229,1.1308e-18,0.00025115,0.0087722,3.925e-19,0.026398,0.0036209,1.4332e-19,9.2711e-07,2.2054e-19,2.593e-19,0.78732,1.3801e-19,3.6312e-19,1.381e-13,2.0558e-19,7.6551e-18
0.040741,6.7989e-07,0.21701,3.4631e-19,5.5562e-06,2.7446e-19,0.027638,3.7147e-19,4.8144e-19,4.2505e-19,1.3564e-19,8.0857e-05,2.0872e-19,2.454e-19,0.69723,1.3062e-19,3.4366e-19,8.2118e-12,1.9456e-19,0.017291
0.047022,1.3947e-19,0.15416,3.0353e-19,7.9531e-05,2.4055e-19,0.0020986,3.2558e-19,4.2196e-19,3.7255e-19,3.2278e-05,0.0001003,1.8294e-19,1.4406e-12,0.77022,1.1448e-19,0.00052286,1.4934e-09,1.7053e-19,0.025758
0.050778,1.6048e-19,0.079358,0.010758,1.975e-15,3.274e-05,0.014189,3.7462e-19,0.0025596,9.6949e-05,1.3679e-19,2.1716e-19,2.1049e-19,2.4749e-19,0.84215,1.3173e-19,3.4657e-19,8.1757e-05,1.9622e-19,7.2967e-14
0.058709,1.4576e-19,0.065063,0.0089981,3.4005e-06,3.5845e-18,0.0072507,3.4026e-19,0.070402,0.0036995,1.2424e-19,6.4506e-10,1.9118e-19,2.2479e-19,0.77944,1.1964e-19,3.1479e-19,1.2308e-06,1.7822e-19,0.0064359
0.079459,9.8615e-20,0.15349,2.1462e-19,0.00020043,1.7009e-19,0.011371,2.3021e-19,2.9836e-19,2.6342e-19,0.00066998,0.0011048,1.2935e-19,3.224e-19,0.72218,3.0755e-18,2.8624e-08,3.4297e-07,1.2058e-19,0.031522
0.054437,1.5329e-19,0.048694,0.0027731,1.5047e-19,2.644e-19,0.01207,3.5785e-19,0.016646,8.4298e-19,1.3067e-19,0.00027998,2.0107e-19,2.3641e-19,0.8463,1.2583e-19,2.3085e-09,1.0784e-08,1.8743e-19,0.018797
0.11882,8.8291e-12,0.10317,3.8751e-17,6.6434e-05,5.5583e-16,0.014588,3.8859e-19,5.0363e-19,4.4464e-19,1.1118e-14,0.0011503,2.1834e-19,2.6874e-11,0.74241,1.3664e-19,1.1934e-10,6.5226e-17,2.0353e-19,0.019787
0.06116,1.4998e-19,0.09922,0.011948,3.272e-18,0.00098576,0.015022,3.5013e-19,1.0804e-10,1.0239e-16,1.2785e-19,0.00080297,1.9673e-19,2.3131e-19,0.80457,1.2311e-19,3.2392e-19,0.0044774,1.8339e-19,0.0018154
0.064579,1.5718e-19,0.06527,0.024662,6.9493e-11,1.5476e-17,0.030775,3.6693e-19,0.025539,4.6814e-07,1.3399e-19,2.1529e-10,2.0617e-19,0.00061875,0.77902,1.2902e-19,1.1968e-18,0.0011362,1.9219e-19,0.0083967
0.015703,1.3875e-19,0.041757,0.047082,1.3277e-06,2.3932e-19,0.053491,0.0010988,0.26057,0.0032878,1.1827e-19,1.8776e-19,1.5894e-09,2.1398e-19,0.5385,7.2018e-07,0.0056928,0.013242,0.00014573,0.019427
0.10339,1.5494e-19,0.095938,3.3721e-19,1.5248e-06,2.6724e-19,0.023634,3.6169e-19,4.6877e-19,4.1387e-19,2.1071e-09,0.00022263,2.0323e-19,2.3895e-19,0.74566,1.2718e-19,3.3462e-19,2.1821e-19,1.8945e-19,0.03115
0.02217,2.1102e-18,0.077634,0.0088499,1.4949e-10,3.1148e-19,0.0040366,4.2157e-19,0.081007,1.4495e-06,1.5394e-19,0.00031969,2.3687e-19,2.7851e-19,0.80596,1.4824e-19,2.4113e-05,2.5434e-19,2.2081e-19,3.9082e-19
0.074322,2.2336e-19,0.10557,0.0053091,3.4882e-06,0.00040405,0.033827,5.2142e-19,0.02996,0.005085,1.9039e-19,3.0226e-19,2.9297e-19,3.4447e-19,0.74552,4.0217e-19,3.5092e-10,1.7291e-10,2.7311e-19,1.6648e-09
0.053365,1.6e-19,0.094894,0.002053,9.6177e-10,5.828e-12,0.010369,3.7351e-19,0.0054451,0.0025126,1.3639e-19,2.1652e-19,2.0987e-19,2.4676e-19,0.82776,1.3134e-19,2.3712e-12,2.2534e-19,1.9564e-19,0.0035989
0.10192,1.3768e-19,0.14208,2.9964e-19,9.8144e-05,2.3747e-19,0.02353,3.214e-19,4.1655e-19,2.2032e-07,9.5453e-13,0.0011829,1.8059e-19,2.1233e-19,0.69955,1.1301e-19,2.9734e-19,0.0072103,1.6834e-19,0.024434
0.08007,1.1902e-19,0.14314,2.5904e-19,9.927e-07,2.0529e-19,0.022615,2.7785e-19,3.601e-19,3.1793e-19,7.6819e-10,0.0024892,1.5612e-19,3.9067e-17,0.72656,9.7699e-20,2.5705e-19,1.6763e-19,1.4553e-19,0.025124
0.028454,1.4999e-19,0.089528,0.00025268,3.8009e-15,2.0718e-19,0.028759,2.8041e-19,3.6342e-19,3.2086e-19,1.0239e-19,1.6255e-19,1.5755e-19,0.00059169,0.83425,9.8598e-20,8.1427e-05,1.6917e-19,1.4687e-19,0.018088
0.033952,1.204e-19,0.13622,2.6203e-19,0.00037034,2.0766e-19,0.036458,2.8106e-19,3.6426e-19,9.3825e-12,1.4824e-15,0.0010836,1.5792e-19,1.8568e-19,0.77159,9.8827e-20,2.6002e-19,4.4798e-14,1.4721e-19,0.020329
0.099566,1.3117e-19,0.09961,2.8548e-19,2.2692e-17,0.0012249,0.013547,3.0621e-19,3.9687e-19,3.5039e-19,1.1181e-19,0.00077433,1.7205e-19,2.023e-19,0.77974,1.0767e-19,3.2712e-19,1.8474e-19,1.6039e-19,0.0055347
0.089144,1.7393e-19,0.076941,0.0025602,1.2845e-13,2.9999e-19,0.0054607,1.0835e-08,7.3581e-14,3.0967e-13,1.4529e-08,0.0030568,2.2814e-19,0.00055589,0.80532,1.4277e-19,3.7563e-19,2.9896e-09,2.1267e-19,0.016956
0.084195,1.4187e-19,0.074131,0.00095291,5.9351e-09,2.4469e-19,0.02791,3.3118e-19,0.067351,1.9624e-16,3.5333e-10,1.7298e-15,1.8608e-19,2.1879e-19,0.719,1.1645e-19,0.005853,1.998e-19,1.7346e-19,0.020609
0.077486,1.3112e-19,0.079494,2.8536e-19,8.685e-17,2.2615e-19,0.016001,3.0609e-19,3.967e-19,6.0948e-16,9.2959e-18,9.5926e-13,1.7198e-19,2.0221e-19,0.80882,1.0763e-19,5.5675e-11,1.8466e-19,1.6032e-19,0.018201
0.095759,3.0553e-12,0.12292,0.0088314,1.627e-19,0.00041337,0.0098298,3.8694e-19,0.010287,0.00063735,1.4129e-19,6.3956e-10,2.1742e-19,2.5563e-19,0.75132,1.3606e-19,3.5798e-19,6.4089e-18,2.0267e-19,3.5872e-19
0.066205,0.00013962,0.095085,0.0011247,4.8145e-05,1.7873e-08,0.025689,2.7094e-19,3.5116e-19,0.0069239,9.8935e-20,1.5706e-19,1.5224e-19,1.79e-19,0.80107,9.5272e-20,1.4469e-14,1.6346e-19,7.4725e-15,0.0037146
0.04921,1.0302e-19,0.091045,2.242e-19,3.4647e-05,1.7768e-19,0.011975,2.4049e-19,3.1168e-19,2.7518e-19,0.00012622,0.00061769,1.3512e-19,1.6764e-18,0.81949,8.4562e-20,2.425e-07,9.0674e-09,1.2596e-19,0.027497
